!LTER_Site,Station,Date,Daily_AirTemp_AbsMax_C,Flag_Daily_AirTemp_AbsMax_C,Daily_AirTemp_AbsMin_C,Flag_Daily_AirTemp_AbsMin_C,Daily_AirTemp_Mean_C,Flag_Daily_AirTemp_Mean_C,Daily_RH_Mean_pct,Flag_Daily_RH_Mean_pct,Daily_GlobalRad_Total_mjm2,Flag_Daily_GlobalRad_Total_mjm2,Daily_Precip_Total_mm,Flag_Daily_Precip_Total_mm,Daily_SoilTemp_AbsMax_C,Flag_Daily_SoilTemp_AbsMax_C,Daily_SoilTemp_AbsMin_C,Flag_Daily_SoilTemp_AbsMin_C,Daily_SoilTemp_Mean_C,Flag_Daily_SoilTemp_Mean_C,Daily_Windsp_Mean_msec,Flag_Daily_Windsp_Mean_msec,Daily_WindDir_Mean_deg,Flag_Daily_WindDir_Mean_deg
CAP,5,20070101,16.4,,0.8,,7.1,,76.2,,9.87,,0.0,,13.0,,12.7,,12.8,,1.1,,157.0,
CAP,5,20070102,20.8,,-1.5,,8.9,,67.0,,10.7,,0.0,,12.9,,12.5,,12.7,,1.7,,73.0,
CAP,5,20070103,20.9,,0.2,,10.3,,60.2,,12.43,,0.0,,12.9,,12.7,,12.8,,1.1,,152.0,
CAP,5,20070104,21.0,,0.0,,9.6,,61.7,,13.54,,0.0,,13.0,,12.8,,12.9,,1.0,,97.0,
CAP,5,20070105,15.1,,3.1,,9.3,,67.0,,6.19,,0.0,,13.1,,12.9,,13.0,,3.3,,237.0,
CAP,5,20070106,16.2,,-0.9,,7.5,,45.9,,14.4,,0.0,,13.0,,12.7,,12.9,,2.0,,342.0,
CAP,5,20070107,18.6,,-3.8,,6.6,,48.4,,14.09,,0.0,,12.9,,12.4,,12.6,,2.2,,350.0,
CAP,5,20070108,22.2,,-1.0,,11.0,,31.6,,13.88,,0.0,,12.5,,12.2,,12.4,,1.7,,3.0,
CAP,5,20070109,25.2,,4.6,,15.7,,25.2,,12.39,,0.0,,12.7,,12.4,,12.5,,3.5,,62.0,
CAP,5,20070110,21.9,,4.7,,13.8,,35.5,,10.12,,0.0,,13.1,,12.7,,12.9,,1.2,,176.0,
CAP,5,20070111,23.3,,5.8,,14.6,,48.9,,10.91,,0.0,,13.5,,13.1,,13.3,,2.8,,198.0,
CAP,5,20070112,14.1,,7.4,,10.6,,64.8,,7.06,,0.0,,13.8,,13.5,,13.7,,3.1,,264.0,
CAP,5,20070113,10.1,,0.3,,6.6,,29.5,,7.64,,0.0,,13.7,,13.4,,13.6,,3.1,,289.0,
CAP,5,20070114,8.8,,-7.8,,0.1,,34.6,,15.79,,0.0,,13.4,,12.6,,13.0,,1.5,,190.0,
CAP,5,20070115,12.7,,-9.0,,1.3,,39.4,,16.06,,0.0,,12.6,,11.7,,12.1,,2.0,,353.0,
CAP,5,20070116,15.0,,-1.1,,7.9,,26.6,,15.85,,0.0,,11.7,,11.3,,11.5,,4.7,,50.0,
CAP,5,20070117,17.0,,2.8,,9.1,,34.3,,15.94,,0.0,,11.5,,11.4,,11.4,,3.3,,63.0,
CAP,5,20070118,19.2,,0.6,,10.8,,42.4,,13.68,,0.0,,11.7,,11.5,,11.6,,3.6,,79.0,
CAP,5,20070119,12.4,,5.9,,8.1,,74.8,,4.75,,1.0,,12.1,,11.7,,11.9,,2.2,,215.0,
CAP,5,20070120,13.1,,2.1,,7.0,,82.3,,9.93,,0.0,,12.1,,11.9,,12.0,,1.7,,224.0,
CAP,5,20070121,8.0,,-1.0,,3.0,,91.3,,4.03,,3.0,,12.1,,11.6,,11.9,,2.1,,144.0,
CAP,5,20070122,12.3,,-2.1,,3.5,,86.8,,13.05,,1.0,,11.6,,11.1,,11.4,,1.5,,210.0,
CAP,5,20070123,15.6,,-3.1,,5.3,,73.1,,15.63,,0.0,,11.3,,11.0,,11.1,,1.1,,167.0,
CAP,5,20070124,19.5,,-0.8,,8.8,,54.9,,15.54,,0.0,,11.3,,11.1,,11.2,,2.0,,68.0,
CAP,5,20070125,20.3,,2.6,,12.4,,41.1,,15.63,,0.0,,11.9,,11.3,,11.6,,4.3,,80.0,
CAP,5,20070126,18.1,,2.2,,10.3,,57.6,,15.54,,0.0,,12.4,,11.9,,12.1,,1.7,,148.0,
CAP,5,20070127,20.6,,-0.8,,9.5,,57.2,,15.51,,0.0,,12.6,,12.4,,12.5,,1.0,,88.0,
CAP,5,20070128,22.4,,0.6,,11.2,,46.7,,13.8,,0.0,,12.9,,12.6,,12.8,,1.3,,17.0,
CAP,5,20070129,22.7,,0.0,,10.9,,51.8,,14.93,,0.0,,13.1,,12.8,,13.0,,1.1,,197.0,
CAP,5,20070130,14.4,,4.2,,10.2,,78.7,,2.94,,1.0,,13.4,,13.1,,13.3,,1.8,,111.0,
CAP,5,20070131,13.5,,4.2,,7.8,,90.4,,7.56,,2.0,,13.4,,13.1,,13.2,,1.8,,204.0,
CAP,5,20070201,15.5,,5.0,,9.4,,75.6,,11.26,,0.0,,13.1,,12.8,,12.9,,2.9,,237.0,
CAP,5,20070202,16.4,,0.3,,8.0,,71.7,,16.28,,0.0,,12.9,,12.6,,12.8,,1.2,,154.0,
CAP,5,20070203,17.9,,-1.1,,7.8,,63.2,,17.11,,0.0,,12.9,,12.6,,12.8,,1.1,,333.0,
CAP,5,20070204,22.5,,-2.4,,9.3,,53.3,,17.31,,0.0,,12.9,,12.6,,12.8,,1.5,,9.0,
CAP,5,20070205,27.3,,1.5,,13.7,,44.5,,17.04,,0.0,,13.2,,12.8,,13.0,,2.0,,53.0,
CAP,5,20070206,28.0,,2.7,,14.9,,41.6,,16.56,,0.0,,13.9,,13.2,,13.6,,1.1,,107.0,
CAP,5,20070207,27.4,,3.7,,14.3,,39.7,,16.16,,0.0,,14.4,,13.9,,14.2,,1.0,,106.0,
CAP,5,20070208,27.0,,2.9,,14.0,,37.5,,17.18,,0.0,,14.7,,14.4,,14.6,,1.1,,70.0,
CAP,5,20070209,27.4,,5.0,,15.5,,39.9,,14.6,,0.0,,15.2,,14.7,,15.0,,1.0,,61.0,
CAP,5,20070210,26.6,,6.5,,16.5,,43.6,,14.3,,0.0,,15.6,,15.1,,15.4,,1.1,,76.0,
CAP,5,20070211,22.2,,10.5,,15.9,,59.2,,8.51,,0.0,,16.2,,15.6,,16.0,,2.2,,205.0,
CAP,5,20070212,22.1,,6.1,,14.0,,57.3,,17.79,,0.0,,16.3,,16.1,,16.2,,1.6,,155.0,
CAP,5,20070213,17.7,,7.4,,11.9,,66.3,,13.07,,1.0,,16.5,,16.3,,16.4,,2.8,,226.0,
CAP,5,20070214,16.5,,2.5,,9.9,,65.5,,15.14,,1.0,,16.4,,15.8,,16.1,,2.3,,238.0,
CAP,5,20070215,17.7,,-0.9,,9.0,,64.0,,18.79,,0.0,,15.9,,15.5,,15.7,,1.4,,5.0,
CAP,5,20070216,22.2,,-0.4,,10.5,,51.1,,18.86,,0.0,,15.7,,15.3,,15.6,,1.1,,288.0,
CAP,5,20070217,28.2,,1.8,,15.1,,38.7,,18.73,,0.0,,15.8,,15.5,,15.6,,3.0,,56.0,
CAP,5,20070218,25.3,,10.2,,18.4,,25.1,,12.01,,0.0,,16.3,,15.7,,16.0,,2.7,,116.0,
CAP,5,20070219,16.9,,8.0,,12.3,,63.5,,8.63,,3.0,,16.5,,16.3,,16.4,,3.1,,240.0,
CAP,5,20070220,18.1,,6.1,,11.2,,78.2,,17.12,,3.0,,16.4,,16.0,,16.2,,1.2,,47.0,
CAP,5,20070221,21.5,,1.5,,10.9,,71.5,,19.76,,0.0,,16.2,,15.8,,16.0,,1.1,,351.0,
CAP,5,20070222,25.4,,3.4,,13.6,,55.9,,19.44,,0.0,,16.1,,15.8,,15.9,,1.6,,200.0,
CAP,5,20070223,16.4,,5.7,,11.1,,44.3,,15.18,,0.0,,16.2,,15.9,,16.1,,4.1,,257.0,
CAP,5,20070224,16.3,,-2.6,,7.8,,43.0,,21.34,,0.0,,16.0,,15.4,,15.7,,1.8,,291.0,
CAP,5,20070225,20.8,,-2.1,,8.9,,39.6,,20.26,,0.0,,15.6,,15.0,,15.3,,1.3,,150.0,
CAP,5,20070226,22.7,,0.0,,11.5,,41.3,,20.56,,0.0,,15.3,,15.0,,15.1,,1.2,,158.0,
CAP,5,20070227,23.7,,2.8,,13.6,,43.7,,19.48,,0.0,,15.5,,15.2,,15.4,,2.4,,256.0,
CAP,5,20070228,15.8,,3.5,,10.2,,39.0,,20.93,,0.0,,15.8,,15.5,,15.7,,3.9,,253.0,
CAP,5,20070301,15.9,,-2.4,,7.8,,38.3,,22.85,,0.0,,15.8,,15.2,,15.5,,1.7,,255.0,
CAP,5,20070302,17.6,,-2.5,,7.7,,36.5,,23.13,,0.0,,15.4,,14.9,,15.2,,2.1,,298.0,
CAP,5,20070303,19.5,,-0.6,,10.0,,20.1,,24.25,,0.0,,15.2,,14.8,,15.0,,3.8,,23.0,
CAP,5,20070304,23.6,,0.0,,13.1,,13.9,,22.3,,0.0,,15.0,,14.6,,14.8,,5.3,,53.0,
CAP,5,20070305,24.5,,8.4,,16.5,,12.2,,20.32,,0.0,,15.3,,14.8,,15.0,,5.1,,68.0,
CAP,5,20070306,26.9,,1.3,,15.0,,27.5,,19.53,,0.0,,15.7,,15.3,,15.5,,1.1,,349.0,
CAP,5,20070307,30.1,,7.3,,18.5,,30.7,,18.13,,0.0,,16.3,,15.6,,16.0,,1.9,,339.0,
CAP,5,20070308,28.9,,10.2,,19.6,,33.7,,22.14,,0.0,,17.4,,16.3,,16.8,,2.0,,229.0,
CAP,5,20070309,30.0,,6.8,,18.1,,34.7,,21.92,,0.0,,18.0,,17.4,,17.8,,1.1,,112.0,
CAP,5,20070310,28.8,,5.6,,16.8,,36.0,,20.35,,0.0,,20.4,,18.0,,18.9,,1.6,,251.0,
CAP,5,20070311,29.5,,4.4,,17.5,,32.3,,23.63,,0.0,,21.0,,20.4,,20.8,,2.2,,12.0,
CAP,5,20070312,30.7,,7.8,,19.8,,26.8,,23.44,,0.0,,21.2,,20.9,,21.1,,1.7,,10.0,
CAP,5,20070313,29.9,,7.5,,18.7,,33.7,,23.47,,0.0,,21.5,,21.2,,21.3,,1.9,,221.0,
CAP,5,20070314,31.1,,7.9,,19.6,,28.4,,23.83,,0.0,,21.7,,21.4,,21.5,,1.5,,150.0,
CAP,5,20070315,32.7,,6.5,,19.4,,33.0,,23.97,,0.0,,21.9,,21.6,,21.8,,1.0,,193.0,
CAP,5,20070316,37.0,,7.9,,22.6,,27.4,,23.9,,0.0,,22.1,,21.9,,22.0,,1.9,,47.0,
CAP,5,20070317,36.8,,12.6,,24.0,,29.9,,20.51,,0.0,,22.6,,22.1,,22.3,,1.9,,219.0,
CAP,5,20070318,33.5,,9.2,,21.6,,25.9,,24.49,,0.0,,22.8,,22.6,,22.7,,1.8,,189.0,
CAP,5,20070319,31.4,,8.8,,19.7,,30.4,,23.88,,0.0,,23.0,,22.7,,22.9,,1.6,,202.0,
CAP,5,20070320,30.9,,9.3,,19.7,,30.2,,21.91,,0.0,,23.1,,22.7,,22.9,,1.5,,174.0,
CAP,5,20070321,26.2,,11.6,,20.1,,37.1,,21.31,,0.0,,23.0,,22.8,,22.9,,3.3,,183.0,
CAP,5,20070322,24.9,,11.7,,16.8,,71.8,,11.21,,13.0,,23.1,,22.7,,22.9,,3.4,,89.0,
CAP,5,20070323,19.2,,10.4,,14.4,,81.8,,18.2,,0.0,,22.7,,21.8,,22.2,,1.8,,229.0,
CAP,5,20070324,21.8,,11.3,,15.9,,71.0,,22.62,,2.0,,21.9,,21.4,,21.6,,1.6,,139.0,
CAP,5,20070325,27.7,,8.4,,17.4,,62.7,,24.9,,0.0,,21.9,,21.5,,21.7,,1.0,,343.0,
CAP,5,20070326,28.2,,9.1,,18.8,,55.7,,23.61,,0.0,,22.2,,21.8,,22.0,,1.1,,143.0,
CAP,5,20070327,25.7,,9.3,,17.0,,47.8,,24.68,,0.0,,22.5,,22.2,,22.4,,4.7,,251.0,
CAP,5,20070328,16.5,,5.1,,11.4,,41.7,,26.85,,0.0,,22.5,,21.9,,22.3,,2.8,,244.0,
CAP,5,20070329,21.2,,1.7,,12.4,,43.9,,26.32,,0.0,,22.1,,21.3,,21.7,,1.7,,233.0,
CAP,5,20070330,22.4,,5.2,,14.3,,49.6,,26.13,,0.0,,21.6,,21.2,,21.4,,1.8,,302.0,
CAP,5,20070331,26.7,,4.6,,16.1,,44.1,,26.35,,0.0,,21.6,,21.2,,21.4,,1.3,,342.0,
CAP,5,20070401,31.7,,6.9,,19.2,,39.0,,26.13,,0.0,,21.9,,21.5,,21.7,,0.8,,160.0,
CAP,5,20070402,31.3,,8.6,,20.1,,36.6,,25.73,,0.0,,22.4,,21.9,,22.1,,1.7,,250.0,
CAP,5,20070403,33.4,,8.8,,20.7,,32.9,,25.09,,0.0,,22.7,,22.4,,22.5,,1.0,,104.0,
CAP,5,20070404,33.4,,7.6,,20.7,,36.7,,24.65,,0.0,,23.0,,22.7,,22.9,,1.0,,225.0,
CAP,5,20070405,34.3,,10.8,,22.6,,34.2,,19.79,,0.0,,25.0,,22.1,,23.2,,1.1,,35.0,
CAP,5,20070406,33.9,,10.3,,21.7,,34.9,,27.1,,0.0,,23.7,,23.3,,23.5,,2.1,,216.0,
CAP,5,20070407,30.8,,10.5,,20.6,,36.6,,26.35,,0.0,,24.0,,23.6,,23.8,,1.5,,219.0,
CAP,5,20070408,28.7,,13.2,,21.5,,42.0,,23.88,,0.0,,24.4,,24.0,,24.2,,2.8,,226.0,
CAP,5,20070409,27.3,,12.2,,20.5,,55.6,,27.06,,0.0,,24.7,,24.4,,24.5,,2.4,,240.0,
CAP,5,20070410,26.4,,10.3,,19.8,,47.3,,27.14,,0.0,,25.1,,24.7,,24.9,,2.5,,247.0,
CAP,5,20070411,29.3,,10.5,,20.8,,43.0,,27.05,,0.0,,25.2,,24.9,,25.1,,3.2,,223.0,
CAP,5,20070412,24.2,,9.0,,17.4,,47.6,,26.0,,2.0,,25.3,,25.0,,25.2,,4.2,,244.0,
CAP,5,20070413,23.1,,8.8,,14.7,,64.2,,27.34,,0.0,,25.2,,24.5,,24.9,,1.7,,194.0,
CAP,5,20070414,27.8,,6.4,,17.8,,45.5,,28.11,,0.0,,24.8,,24.3,,24.6,,1.1,,162.0,
CAP,5,20070415,25.0,,6.2,,16.5,,36.3,,27.54,,0.0,,24.9,,24.5,,24.7,,3.4,,223.0,
CAP,5,20070416,20.2,,3.2,,12.9,,50.1,,23.02,,0.0,,24.7,,24.1,,24.4,,2.1,,239.0,
CAP,5,20070417,25.3,,4.5,,15.5,,50.3,,27.91,,0.0,,24.2,,23.7,,24.0,,1.6,,212.0,
CAP,5,20070418,29.3,,7.3,,19.1,,35.2,,27.64,,0.0,,24.3,,24.0,,24.1,,2.6,,265.0,
CAP,5,20070419,27.4,,3.7,,16.5,,26.7,,28.72,,0.0,,24.5,,24.1,,24.4,,1.5,,240.0,
CAP,5,20070420,26.2,,6.1,,16.8,,29.7,,20.56,,0.0,,24.6,,24.2,,24.4,,2.5,,219.0,
CAP,5,20070421,20.7,,8.9,,14.6,,54.8,,28.07,,0.0,,24.4,,24.0,,24.2,,2.6,,227.0,
CAP,5,20070422,26.1,,4.2,,16.2,,45.2,,24.25,,0.0,,24.3,,23.8,,24.0,,1.3,,222.0,
CAP,5,20070423,21.6,,6.7,,15.6,,41.9,,28.22,,0.0,,24.1,,23.8,,23.9,,3.0,,242.0,
CAP,5,20070424,26.4,,6.6,,17.3,,40.7,,29.36,,0.0,,24.0,,23.5,,23.8,,2.2,,244.0,
CAP,5,20070425,30.9,,8.5,,20.7,,35.2,,29.12,,0.0,,24.2,,23.8,,23.9,,1.2,,268.0,
CAP,5,20070426,32.0,,11.2,,21.9,,30.5,,28.96,,0.0,,24.8,,24.2,,24.4,,1.4,,154.0,
CAP,5,20070427,34.0,,10.2,,23.0,,30.5,,28.84,,0.0,,25.3,,24.7,,25.0,,1.5,,222.0,
CAP,5,20070428,36.6,,13.3,,24.2,,33.5,,21.9,,0.0,,25.9,,25.3,,25.6,,2.0,,143.0,
CAP,5,20070429,33.3,,16.5,,25.5,,35.5,,28.71,,0.0,,26.3,,25.9,,26.0,,2.2,,94.0,
CAP,5,20070430,33.6,,15.9,,24.9,,33.3,,29.11,,0.0,,26.9,,26.3,,26.6,,2.0,,237.0,
CAP,5,20070501,31.1,,14.7,,23.3,,37.3,,17.38,,0.0,,27.2,,26.9,,27.1,,2.6,,252.0,
CAP,5,20070502,32.2,,13.6,,23.0,,37.9,,24.88,,0.0,,27.3,,26.9,,27.1,,2.1,,212.0,
CAP,5,20070503,29.5,,12.9,,22.2,,31.6,,25.78,,0.0,,27.5,,27.2,,27.4,,2.3,,266.0,
CAP,5,20070504,27.5,,11.4,,20.4,,32.2,,23.01,,0.0,,27.6,,27.1,,27.4,,3.2,,231.0,
CAP,5,20070505,23.8,,12.4,,18.7,,33.6,,27.51,,0.0,,27.3,,26.8,,27.0,,3.7,,275.0,
CAP,5,20070506,26.6,,5.6,,18.1,,28.0,,26.37,,0.0,,27.0,,26.3,,26.6,,1.4,,116.0,
CAP,5,20070507,33.0,,7.8,,21.3,,31.3,,26.71,,0.0,,26.7,,26.3,,26.5,,1.8,,40.0,
CAP,5,20070508,33.5,,10.5,,23.0,,35.4,,27.61,,0.0,,27.1,,26.6,,26.8,,2.1,,107.0,
CAP,5,20070509,35.0,,13.7,,25.1,,31.5,,29.52,,0.0,,27.5,,27.0,,27.2,,1.5,,151.0,
CAP,5,20070510,38.2,,12.6,,26.4,,26.4,,29.7,,0.0,,28.0,,27.4,,27.6,,1.4,,159.0,
CAP,5,20070511,39.8,,14.2,,27.7,,23.4,,29.61,,0.0,,28.5,,27.9,,28.2,,1.7,,222.0,
CAP,5,20070512,37.6,,15.6,,27.5,,25.1,,29.14,,0.0,,29.0,,28.5,,28.7,,2.2,,243.0,
CAP,5,20070513,38.7,,13.9,,27.6,,23.6,,28.97,,0.0,,29.2,,28.9,,29.0,,2.1,,250.0,
CAP,5,20070514,37.4,,14.2,,27.2,,21.9,,29.49,,0.0,,29.5,,29.1,,29.3,,2.0,,223.0,
CAP,5,20070515,37.4,,14.5,,27.3,,25.6,,29.82,,0.0,,29.7,,29.3,,29.5,,1.7,,271.0,
CAP,5,20070516,37.7,,15.2,,27.4,,32.0,,23.55,,0.0,,30.0,,29.7,,29.8,,1.9,,93.0,
CAP,5,20070517,37.2,,19.0,,29.1,,26.4,,28.68,,0.0,,30.2,,29.9,,30.0,,2.5,,88.0,
CAP,5,20070518,37.4,,16.0,,27.4,,24.0,,29.63,,0.0,,30.5,,30.1,,30.3,,1.5,,183.0,
CAP,5,20070519,37.2,,15.6,,27.5,,25.6,,29.42,,0.0,,30.6,,30.2,,30.5,,2.0,,184.0,
CAP,5,20070520,36.8,,15.5,,26.9,,24.1,,30.21,,0.0,,30.7,,30.4,,30.6,,2.3,,214.0,
CAP,5,20070521,34.5,,14.5,,25.5,,28.3,,30.26,,0.0,,30.8,,30.4,,30.6,,2.9,,212.0,
CAP,5,20070522,32.9,,10.8,,23.9,,32.4,,29.88,,0.0,,30.8,,30.3,,30.5,,2.6,,217.0,
CAP,5,20070523,31.1,,13.8,,23.4,,39.7,,30.2,,0.0,,30.6,,30.1,,30.4,,1.9,,223.0,
CAP,5,20070524,35.6,,14.1,,26.4,,27.3,,30.13,,0.0,,30.5,,30.0,,30.3,,1.7,,304.0,
CAP,5,20070525,37.4,,13.7,,28.0,,23.7,,30.18,,0.0,,30.7,,30.3,,30.5,,2.1,,255.0,
CAP,5,20070526,37.2,,13.5,,27.0,,23.5,,29.24,,0.0,,31.0,,30.6,,30.8,,1.8,,249.0,
CAP,5,20070527,37.5,,14.9,,27.5,,21.2,,30.22,,0.0,,31.2,,30.8,,31.0,,1.9,,201.0,
CAP,5,20070528,37.5,,14.6,,27.0,,18.0,,30.54,,0.0,,31.3,,30.9,,31.1,,2.2,,205.0,
CAP,5,20070529,37.7,,13.0,,26.2,,18.1,,31.11,,0.0,,31.3,,30.9,,31.1,,2.1,,216.0,
CAP,5,20070530,37.8,,12.6,,26.3,,18.9,,31.37,,0.0,,31.3,,30.9,,31.1,,1.7,,219.0,
CAP,5,20070531,37.8,,12.9,,27.3,,19.8,,30.54,,0.0,,31.3,,30.9,,31.1,,1.7,,245.0,
CAP,5,20070601,39.1,,12.9,,28.3,,19.7,,28.62,,0.0,,31.4,,31.1,,31.2,,2.6,,232.0,
CAP,5,20070602,37.9,,16.6,,28.4,,21.5,,23.07,,0.0,,31.5,,31.1,,31.3,,1.8,,200.0,
CAP,5,20070603,39.0,,14.8,,28.4,,23.5,,30.44,,0.0,,31.5,,31.1,,31.3,,2.1,,223.0,
CAP,5,20070604,41.5,,17.2,,30.1,,21.6,,29.34,,0.0,,31.6,,31.3,,31.5,,2.4,,235.0,
CAP,5,20070605,41.6,,16.7,,29.8,,21.0,,28.47,,0.0,,31.9,,31.5,,31.7,,2.9,,199.0,
CAP,5,20070606,33.5,,16.9,,26.6,,17.9,,30.32,,0.0,,32.0,,31.7,,31.9,,4.9,,260.0,
CAP,5,20070607,31.6,,12.9,,23.2,,24.0,,30.99,,0.0,,31.9,,31.2,,31.5,,2.3,,246.0,
CAP,5,20070608,36.5,,12.8,,25.5,,23.1,,30.83,,0.0,,31.5,,30.9,,31.2,,2.1,,226.0,
CAP,5,20070609,38.0,,13.0,,27.8,,23.0,,30.98,,0.0,,31.4,,31.0,,31.2,,2.2,,234.0,
CAP,5,20070610,38.3,,15.7,,28.2,,22.8,,30.62,,0.0,,31.8,,31.4,,31.5,,2.0,,255.0,
CAP,5,20070611,31.5,,17.9,,24.6,,37.6,,15.39,,0.0,,32.0,,31.7,,31.9,,3.3,,84.0,
CAP,5,20070612,36.1,,14.6,,26.3,,33.4,,30.15,,0.0,,31.8,,31.2,,31.5,,1.2,,74.0,
CAP,5,20070613,39.5,,14.9,,28.2,,29.0,,30.09,,0.0,,31.8,,31.5,,31.6,,1.8,,190.0,
CAP,5,20070614,42.0,,16.7,,31.1,,24.1,,29.97,,0.0,,32.2,,31.8,,31.9,,2.1,,232.0,
CAP,5,20070615,42.9,,19.9,,32.5,,18.3,,28.93,,0.0,,32.7,,32.2,,32.4,,2.7,,228.0,
CAP,5,20070616,41.8,,18.8,,31.9,,18.0,,30.32,,0.0,,33.0,,32.7,,32.8,,2.7,,242.0,
CAP,5,20070617,41.4,,17.4,,30.2,,19.0,,30.29,,0.0,,33.2,,32.9,,33.0,,2.5,,265.0,
CAP,5,20070618,42.1,,15.6,,30.4,,22.0,,30.73,,0.0,,33.3,,32.9,,33.1,,2.2,,222.0,
CAP,5,20070619,41.3,,18.8,,30.7,,22.7,,30.48,,0.0,,33.3,,33.0,,33.2,,1.6,,156.0,
CAP,5,20070620,42.6,,18.1,,32.4,,21.4,,30.01,,0.0,,33.6,,33.2,,33.4,,2.6,,286.0,
CAP,5,20070621,43.0,,16.5,,32.0,,19.9,,30.26,,0.0,,33.8,,33.4,,33.6,,2.0,,311.0,
CAP,5,20070622,43.4,,17.1,,31.8,,19.9,,30.7,,0.0,,34.0,,33.6,,33.8,,2.0,,227.0,
CAP,5,20070623,41.5,,18.9,,31.4,,25.1,,30.19,,0.0,,34.1,,33.8,,34.0,,1.5,,156.0,
CAP,5,20070624,41.5,,16.6,,30.3,,21.8,,30.83,,0.0,,34.3,,33.9,,34.1,,1.6,,159.0,
CAP,5,20070625,40.9,,15.4,,30.0,,23.0,,30.35,,0.0,,34.3,,33.9,,34.1,,1.5,,130.0,
CAP,5,20070626,43.7,,18.2,,32.2,,24.6,,29.96,,0.0,,34.4,,34.0,,34.2,,2.0,,286.0,
CAP,5,20070627,43.4,,21.5,,33.3,,23.4,,28.96,,0.0,,34.5,,34.2,,34.4,,2.2,,231.0,
CAP,5,20070628,43.2,,20.4,,32.9,,25.0,,29.96,,0.0,,34.8,,34.5,,34.6,,2.3,,210.0,
CAP,5,20070629,42.3,,19.4,,31.9,,24.0,,30.37,,0.0,,34.9,,34.5,,34.7,,1.9,,262.0,
CAP,5,20070630,43.4,,18.3,,31.8,,22.3,,30.54,,0.0,,35.0,,34.5,,34.7,,2.4,,229.0,
CAP,5,20070701,43.6,,18.6,,32.2,,22.9,,30.21,,0.0,,34.9,,34.4,,34.7,,2.4,,250.0,
CAP,5,20070702,43.1,,20.6,,32.7,,24.1,,30.1,,0.0,,34.9,,34.5,,34.7,,2.5,,248.0,
CAP,5,20070703,43.3,,21.1,,32.8,,25.6,,29.21,,0.0,,34.9,,34.5,,34.8,,2.4,,232.0,
CAP,5,20070704,44.9,,21.2,,33.0,,25.5,,29.88,,0.0,,35.0,,34.6,,34.8,,2.1,,197.0,
CAP,5,20070705,45.0,,21.3,,33.8,,26.6,,29.7,,0.0,,35.2,,34.8,,35.0,,1.6,,111.0,
CAP,5,20070706,41.4,,26.2,,34.1,,32.4,,27.67,,1.0,,35.6,,35.2,,35.3,,2.0,,113.0,
CAP,5,20070707,43.4,,23.6,,33.2,,39.1,,27.95,,0.0,,35.8,,35.3,,35.5,,2.1,,275.0,
CAP,5,20070708,41.0,,24.3,,33.5,,35.1,,27.44,,0.0,,35.8,,35.5,,35.7,,3.6,,241.0,
CAP,5,20070709,40.4,,23.0,,33.1,,34.1,,25.45,,0.0,,35.9,,35.5,,35.8,,3.0,,241.0,
CAP,5,20070710,39.1,,24.9,,32.0,,39.2,,20.89,,0.0,,35.9,,35.6,,35.8,,1.9,,233.0,
CAP,5,20070711,41.4,,23.1,,32.4,,39.2,,26.81,,0.0,,35.9,,35.5,,35.7,,1.4,,72.0,
CAP,5,20070712,42.1,,23.0,,33.7,,30.7,,28.74,,0.0,,36.0,,35.7,,35.9,,2.5,,215.0,
CAP,5,20070713,40.5,,22.0,,32.4,,37.5,,26.62,,0.0,,36.2,,35.8,,36.0,,2.5,,253.0,
CAP,5,20070714,39.1,,25.1,,33.3,,35.3,,23.28,,0.0,,36.2,,35.9,,36.1,,2.7,,262.0,
CAP,5,20070715,41.0,,26.6,,33.1,,38.0,,23.26,,0.0,,36.2,,35.8,,36.0,,1.5,,248.0,
CAP,5,20070716,43.2,,22.7,,31.9,,44.4,,24.93,,0.0,,36.2,,35.8,,36.0,,1.7,,150.0,
CAP,5,20070717,42.8,,25.0,,33.6,,40.9,,26.25,,0.0,,36.2,,35.9,,36.1,,1.4,,281.0,
CAP,5,20070718,43.2,,24.1,,33.9,,37.1,,27.39,,0.0,,36.5,,36.2,,36.3,,2.0,,236.0,
CAP,5,20070719,40.8,,23.0,,32.8,,39.7,,27.08,,1.0,,36.7,,36.4,,36.6,,3.3,,227.0,
CAP,5,20070720,37.5,,22.1,,29.8,,54.8,,25.69,,0.0,,36.8,,36.2,,36.5,,2.1,,242.0,
CAP,5,20070721,35.4,,21.7,,28.3,,65.5,,26.23,,5.0,,36.4,,36.0,,36.2,,2.4,,196.0,
CAP,5,20070722,35.2,,22.9,,28.1,,70.2,,23.14,,1.0,,36.2,,35.5,,35.9,,1.1,,43.0,
CAP,5,20070723,39.1,,24.1,,28.5,,69.0,,18.18,,0.0,,35.7,,35.2,,35.5,,1.2,,83.0,
CAP,5,20070724,34.1,,24.5,,27.6,,74.7,,18.77,,1.0,,35.5,,35.0,,35.2,,1.4,,95.0,
CAP,5,20070725,33.3,,23.3,,26.6,,77.7,,13.8,,0.0,,35.1,,34.7,,34.9,,1.5,,156.0,
CAP,5,20070726,34.9,,22.2,,28.4,,66.9,,21.58,,0.0,,34.8,,34.2,,34.5,,1.6,,279.0,
CAP,5,20070727,34.8,,20.5,,27.2,,75.1,,16.17,,17.0,,34.6,,34.2,,34.4,,1.5,,184.0,
CAP,5,20070728,34.5,,22.8,,27.1,,76.2,,16.25,,16.0,,34.2,,33.3,,33.7,,1.6,,165.0,
CAP,5,20070729,36.5,,21.6,,28.1,,72.4,,24.51,,0.0,,33.4,,32.5,,32.9,,0.8,,125.0,
CAP,5,20070730,36.7,,24.0,,28.7,,68.8,,19.91,,0.0,,33.0,,32.7,,32.8,,1.5,,106.0,
CAP,5,20070731,36.3,,23.0,,27.2,,79.0,,17.13,,16.0,,33.2,,32.8,,33.0,,1.5,,173.0,
CAP,5,20070801,34.2,,23.8,,27.6,,76.0,,21.8,,0.0,,33.2,,32.5,,32.8,,1.5,,269.0,
CAP,5,20070802,35.6,,23.7,,28.8,,72.7,,19.51,,0.0,,32.8,,32.4,,32.6,,1.0,,132.0,
CAP,5,20070803,38.0,,24.3,,31.2,,57.8,,24.63,,0.0,,33.3,,32.7,,32.9,,1.5,,337.0,
CAP,5,20070804,37.4,,25.5,,30.5,,57.7,,17.04,,0.0,,33.7,,33.2,,33.5,,1.6,,128.0,
CAP,5,20070805,31.6,,23.1,,27.0,,72.0,,10.93,,0.0,,33.8,,33.5,,33.7,,1.8,,192.0,
CAP,5,20070806,31.2,,22.1,,25.8,,77.8,,12.93,,0.0,,33.6,,32.7,,33.1,,1.5,,171.0,
CAP,5,20070807,36.4,,21.4,,28.2,,63.1,,25.38,,0.0,,33.0,,32.5,,32.7,,0.9,,100.0,
CAP,5,20070808,38.4,,19.4,,29.2,,54.6,,25.67,,0.0,,33.5,,33.0,,33.2,,0.9,,153.0,
CAP,5,20070809,40.8,,20.7,,30.4,,47.2,,24.49,,0.0,,33.9,,33.5,,33.7,,1.0,,152.0,
CAP,5,20070810,39.8,,22.4,,30.7,,55.1,,24.97,,0.0,,34.3,,33.9,,34.1,,1.3,,173.0,
CAP,5,20070811,40.2,,23.7,,31.7,,57.5,,25.11,,0.0,,34.8,,34.3,,34.5,,0.8,,156.0,
CAP,5,20070812,44.1,,24.3,,33.0,,51.8,,24.43,,0.0,,35.3,,34.8,,35.0,,1.0,,166.0,
CAP,5,20070813,43.1,,23.6,,32.3,,49.5,,23.94,,1.0,,35.6,,35.2,,35.4,,1.9,,198.0,
CAP,5,20070814,38.1,,21.7,,29.3,,65.7,,25.17,,2.0,,35.7,,35.0,,35.3,,1.3,,211.0,
CAP,5,20070815,38.7,,23.6,,30.6,,56.2,,24.88,,0.0,,35.3,,34.8,,35.0,,1.4,,192.0,
CAP,5,20070816,41.8,,22.9,,30.3,,57.9,,23.74,,0.0,,35.3,,34.9,,35.1,,1.6,,96.0,
CAP,5,20070817,42.0,,23.9,,31.7,,56.2,,23.15,,0.0,,35.4,,35.0,,35.2,,0.6,,259.0,
CAP,5,20070818,41.5,,23.5,,32.2,,50.6,,23.7,,0.0,,35.7,,35.2,,35.5,,1.2,,167.0,
CAP,5,20070819,39.7,,25.0,,31.4,,53.1,,22.78,,0.0,,35.8,,35.5,,35.7,,2.2,,198.0,
CAP,5,20070820,38.4,,24.6,,31.3,,55.5,,23.72,,0.0,,35.9,,35.5,,35.8,,1.2,,265.0,
CAP,5,20070821,40.7,,25.1,,32.8,,46.4,,24.09,,0.0,,36.0,,35.6,,35.8,,1.5,,246.0,
CAP,5,20070822,40.6,,23.5,,31.6,,51.4,,24.07,,0.0,,36.2,,35.7,,35.9,,1.5,,164.0,
CAP,5,20070823,39.9,,25.0,,32.4,,51.2,,23.82,,0.0,,36.2,,35.8,,36.0,,1.3,,179.0,
CAP,5,20070824,41.1,,23.9,,31.5,,53.7,,21.74,,0.0,,36.3,,36.0,,36.2,,1.6,,177.0,
CAP,5,20070825,31.4,,21.9,,25.5,,79.6,,10.22,,7.0,,36.4,,35.2,,36.0,,1.6,,96.0,
CAP,5,20070826,36.4,,21.8,,28.5,,71.3,,21.22,,0.0,,35.2,,34.0,,34.5,,0.8,,159.0,
CAP,5,20070827,40.6,,23.3,,30.7,,62.3,,23.61,,0.0,,34.5,,34.0,,34.2,,0.8,,161.0,
CAP,5,20070828,42.6,,22.6,,31.7,,55.1,,23.17,,1.0,,34.9,,34.4,,34.6,,0.8,,179.0,
CAP,5,20070829,43.9,,23.7,,32.6,,49.3,,23.43,,0.0,,35.3,,34.8,,35.0,,1.3,,128.0,
CAP,5,20070830,42.4,,24.0,,32.3,,50.3,,23.23,,0.0,,35.6,,35.2,,35.4,,1.1,,59.0,
CAP,5,20070831,41.9,,23.2,,32.1,,50.6,,23.73,,0.0,,35.8,,35.4,,35.6,,0.9,,62.0,
CAP,5,20070901,42.2,,24.6,,31.3,,53.6,,20.98,,0.0,,36.0,,35.6,,35.8,,1.0,,158.0,
CAP,5,20070902,41.2,,21.8,,29.7,,57.7,,22.95,,0.0,,36.1,,35.4,,35.8,,1.2,,122.0,
CAP,5,20070903,40.1,,21.7,,29.8,,41.5,,23.39,,0.0,,35.8,,35.2,,35.5,,1.4,,109.0,
CAP,5,20070904,38.0,,20.0,,28.7,,54.9,,20.68,,0.0,,35.6,,35.0,,35.3,,1.4,,165.0,
CAP,5,20070905,37.8,,22.1,,29.0,,56.0,,22.42,,0.0,,35.3,,34.8,,35.1,,2.1,,198.0,
CAP,5,20070906,31.9,,21.7,,26.3,,73.2,,12.57,,1.0,,35.2,,34.5,,34.9,,2.8,,176.0,
CAP,5,20070907,37.3,,22.2,,27.9,,67.3,,20.5,,0.0,,34.5,,33.5,,33.9,,1.2,,173.0,
CAP,5,20070908,37.5,,19.9,,27.9,,63.8,,21.97,,0.0,,33.9,,33.4,,33.7,,1.1,,156.0,
CAP,5,20070909,38.7,,20.5,,29.0,,56.3,,21.86,,0.0,,33.9,,33.5,,33.7,,1.2,,168.0,
CAP,5,20070910,38.8,,20.7,,29.5,,52.1,,21.99,,0.0,,34.0,,33.6,,33.8,,0.9,,159.0,
CAP,5,20070911,41.5,,21.4,,29.9,,49.2,,22.06,,0.0,,34.2,,33.8,,34.0,,1.9,,72.0,
CAP,5,20070912,40.9,,22.1,,29.8,,46.5,,21.74,,0.0,,34.2,,33.8,,34.0,,1.2,,124.0,
CAP,5,20070913,40.0,,20.0,,28.9,,53.4,,21.98,,0.0,,34.3,,33.8,,34.0,,1.2,,155.0,
CAP,5,20070914,40.7,,19.5,,29.8,,48.1,,21.54,,0.0,,34.2,,33.7,,34.0,,0.9,,170.0,
CAP,5,20070915,38.7,,22.3,,29.0,,53.2,,15.98,,0.0,,34.2,,33.8,,34.0,,1.7,,187.0,
CAP,5,20070916,37.2,,20.6,,27.6,,63.2,,19.44,,1.0,,34.1,,33.5,,33.8,,1.9,,176.0,
CAP,5,20070917,34.0,,15.9,,26.0,,52.3,,20.02,,0.0,,33.8,,32.9,,33.3,,2.7,,193.0,
CAP,5,20070918,34.8,,12.9,,23.8,,50.5,,21.99,,0.0,,33.0,,32.0,,32.5,,1.4,,181.0,
CAP,5,20070919,35.4,,14.2,,24.8,,45.4,,22.54,,0.0,,32.3,,31.6,,31.9,,1.9,,194.0,
CAP,5,20070920,34.7,,12.3,,24.3,,52.1,,20.52,,0.0,,31.9,,31.2,,31.6,,2.0,,179.0,
CAP,5,20070921,36.9,,17.1,,26.8,,54.7,,21.59,,0.0,,31.5,,31.0,,31.3,,1.4,,169.0,
CAP,5,20070922,34.7,,21.5,,27.2,,54.8,,14.06,,0.0,,31.6,,31.3,,31.5,,2.0,,196.0,
CAP,5,20070923,30.8,,15.6,,23.6,,48.2,,16.68,,0.0,,31.7,,31.4,,31.5,,1.2,,275.0,
CAP,5,20070924,31.5,,9.8,,20.1,,48.3,,22.14,,0.0,,31.6,,30.8,,31.2,,1.0,,99.0,
CAP,5,20070925,34.2,,9.5,,21.5,,47.0,,21.67,,0.0,,31.0,,30.3,,30.7,,0.9,,38.0,
CAP,5,20070926,35.7,,10.6,,22.0,,45.3,,21.7,,0.0,,30.6,,30.0,,30.3,,1.1,,52.0,
CAP,5,20070927,37.0,,10.9,,23.0,,43.5,,19.98,,0.0,,30.4,,29.8,,30.1,,1.0,,92.0,
CAP,5,20070928,34.9,,14.7,,24.8,,42.7,,17.61,,0.0,,30.1,,29.7,,29.9,,1.4,,197.0,
CAP,5,20070929,32.9,,14.9,,23.5,,47.8,,21.16,,0.0,,30.0,,29.6,,29.9,,1.7,,251.0,
CAP,5,20070930,36.6,,13.5,,25.0,,48.7,,20.12,,0.0,,30.0,,29.5,,29.8,,0.9,,139.0,
CAP,5,20071001,33.4,,21.7,,26.2,,58.2,,10.32,,0.0,,30.0,,29.8,,29.9,,1.2,,112.0,
CAP,5,20071002,33.8,,20.5,,25.8,,67.4,,13.3,,0.0,,30.0,,29.8,,29.9,,0.8,,166.0,
CAP,5,20071003,36.6,,18.8,,26.6,,60.1,,18.16,,0.0,,30.1,,29.8,,30.0,,0.7,,186.0,
CAP,5,20071004,35.2,,18.8,,26.7,,52.9,,17.16,,0.0,,30.3,,30.0,,30.2,,2.2,,194.0,
CAP,5,20071005,33.1,,15.6,,24.8,,40.1,,19.98,,0.0,,30.4,,30.0,,30.2,,3.3,,201.0,
CAP,5,20071006,24.8,,6.6,,17.4,,30.4,,19.66,,0.0,,30.1,,29.4,,29.8,,1.4,,288.0,
CAP,5,20071007,28.0,,1.6,,14.6,,41.3,,21.27,,0.0,,29.5,,28.3,,28.9,,1.4,,344.0,
CAP,5,20071008,36.4,,3.9,,19.4,,40.5,,20.19,,0.0,,28.4,,27.5,,27.9,,1.0,,103.0,
CAP,5,20071009,34.4,,11.3,,22.3,,37.3,,19.24,,0.0,,27.7,,27.4,,27.6,,1.5,,204.0,
CAP,5,20071010,34.8,,10.1,,21.0,,37.8,,20.13,,0.0,,27.8,,27.4,,27.6,,1.3,,170.0,
CAP,5,20071011,35.1,,6.3,,19.6,,43.6,,20.19,,0.0,,27.7,,27.1,,27.4,,0.8,,161.0,
CAP,5,20071012,34.0,,8.4,,20.4,,39.2,,19.89,,0.0,,27.5,,26.9,,27.2,,1.4,,194.0,
CAP,5,20071013,26.7,,9.6,,17.9,,47.2,,18.71,,0.0,,27.2,,26.9,,27.0,,1.6,,241.0,
CAP,5,20071014,28.5,,8.1,,17.4,,53.3,,18.89,,0.0,,27.1,,26.6,,26.9,,1.3,,134.0,
CAP,5,20071015,32.2,,6.9,,18.7,,46.9,,19.02,,0.0,,26.9,,26.4,,26.7,,0.8,,137.0,
CAP,5,20071016,29.4,,7.9,,19.7,,40.3,,17.69,,0.0,,26.7,,26.3,,26.5,,2.8,,223.0,
CAP,5,20071017,27.7,,8.5,,17.9,,50.0,,18.7,,0.0,,26.5,,26.0,,26.3,,1.9,,246.0,
CAP,5,20071018,28.0,,6.8,,16.9,,50.0,,18.39,,0.0,,26.2,,25.7,,26.0,,1.2,,307.0,
CAP,5,20071019,32.8,,5.4,,18.3,,45.3,,18.52,,0.0,,25.9,,25.4,,25.7,,1.1,,353.0,
CAP,5,20071020,35.0,,7.3,,20.1,,39.5,,18.32,,0.0,,25.7,,25.2,,25.5,,1.1,,183.0,
CAP,5,20071021,27.0,,9.4,,19.2,,23.2,,17.91,,0.0,,25.6,,25.3,,25.4,,3.6,,355.0,
CAP,5,20071022,25.7,,7.1,,17.1,,21.0,,18.93,,0.0,,25.4,,24.8,,25.1,,2.7,,35.0,
CAP,5,20071023,30.2,,6.7,,20.8,,17.7,,18.26,,0.0,,24.9,,24.3,,24.6,,3.4,,63.0,
CAP,5,20071024,34.1,,14.7,,24.9,,17.8,,18.03,,0.0,,24.6,,24.4,,24.5,,3.4,,76.0,
CAP,5,20071025,34.4,,8.6,,21.5,,30.9,,18.12,,0.0,,24.8,,24.5,,24.7,,1.0,,96.0,
CAP,5,20071026,34.1,,7.5,,19.9,,35.3,,17.68,,0.0,,24.9,,24.5,,24.7,,0.7,,107.0,
CAP,5,20071027,33.7,,9.1,,20.6,,32.7,,17.09,,0.0,,24.8,,24.5,,24.7,,1.1,,350.0,
CAP,5,20071028,36.2,,7.3,,21.6,,34.6,,16.53,,0.0,,24.8,,24.5,,24.6,,1.5,,69.0,
CAP,5,20071029,34.7,,12.9,,22.9,,25.9,,16.83,,0.0,,24.8,,24.5,,24.7,,1.6,,91.0,
CAP,5,20071030,32.1,,8.4,,20.5,,30.0,,17.01,,0.0,,24.9,,24.5,,24.7,,1.6,,217.0,
CAP,5,20071031,28.9,,7.3,,17.8,,38.3,,16.24,,0.0,,24.7,,24.4,,24.6,,1.2,,131.0,
CAP,5,20071101,29.8,,5.3,,16.6,,39.3,,16.72,,0.0,,24.6,,24.1,,24.4,,1.1,,345.0,
CAP,5,20071102,29.7,,4.5,,16.3,,37.9,,16.17,,0.0,,24.3,,23.8,,24.0,,1.1,,5.0,
CAP,5,20071103,32.4,,4.4,,18.1,,35.0,,16.39,,0.0,,24.0,,23.5,,23.7,,1.6,,16.0,
CAP,5,20071104,34.0,,7.5,,20.4,,32.0,,15.95,,0.0,,23.7,,23.4,,23.6,,1.1,,126.0,
CAP,5,20071105,34.3,,7.8,,19.7,,34.9,,15.79,,0.0,,23.8,,23.5,,23.7,,1.1,,95.0,
CAP,5,20071106,34.5,,6.2,,20.8,,32.7,,15.7,,0.0,,23.9,,23.6,,23.7,,1.1,,105.0,
CAP,5,20071107,33.7,,11.2,,21.1,,30.3,,14.8,,0.0,,24.0,,23.7,,23.8,,1.1,,215.0,
CAP,5,20071108,32.7,,10.0,,19.9,,36.8,,15.27,,0.0,,24.0,,23.7,,23.9,,1.0,,185.0,
CAP,5,20071109,29.6,,8.4,,18.1,,41.0,,12.27,,0.0,,24.0,,23.6,,23.8,,1.1,,163.0,
CAP,5,20071110,28.0,,5.8,,16.3,,45.9,,11.98,,0.0,,23.7,,23.3,,23.5,,1.0,,141.0,
CAP,5,20071111,25.8,,5.8,,15.4,,54.0,,15.02,,0.0,,23.4,,22.9,,23.1,,1.3,,280.0,
CAP,5,20071112,26.1,,6.0,,16.2,,50.6,,11.28,,0.0,,23.0,,22.6,,22.8,,1.0,,178.0,
CAP,5,20071113,29.8,,7.0,,17.2,,45.6,,14.74,,0.0,,22.8,,22.4,,22.6,,1.2,,148.0,
CAP,5,20071114,30.4,,4.7,,16.7,,46.0,,15.03,,0.0,,22.7,,22.3,,22.5,,1.3,,44.0,
CAP,5,20071115,25.5,,6.8,,18.4,,34.0,,5.92,,0.0,,22.5,,22.1,,22.4,,3.0,,69.0,
CAP,5,20071116,27.9,,9.4,,18.5,,33.5,,13.85,,0.0,,22.1,,21.9,,22.0,,1.6,,55.0,
CAP,5,20071117,28.4,,6.6,,16.1,,44.0,,14.1,,0.0,,22.1,,21.7,,21.9,,1.0,,124.0,
CAP,5,20071118,30.1,,4.3,,15.5,,44.3,,13.79,,0.0,,22.0,,21.6,,21.8,,0.7,,111.0,
CAP,5,20071119,31.9,,2.3,,16.0,,40.7,,14.37,,0.0,,21.8,,21.4,,21.6,,1.0,,138.0,
CAP,5,20071120,30.1,,3.8,,16.0,,38.6,,13.3,,0.0,,21.6,,21.2,,21.5,,1.2,,337.0,
CAP,5,20071121,26.0,,3.8,,16.0,,37.8,,11.66,,0.0,,21.5,,21.1,,21.3,,1.1,,300.0,
CAP,5,20071122,25.8,,4.9,,16.6,,35.4,,13.47,,0.0,,21.3,,21.1,,21.2,,1.3,,250.0,
CAP,5,20071123,20.3,,0.3,,10.2,,37.8,,14.17,,0.0,,21.3,,20.9,,21.1,,1.7,,261.0,
CAP,5,20071124,20.9,,-2.5,,10.5,,28.6,,14.12,,0.0,,20.9,,20.0,,20.5,,2.5,,10.0,
CAP,5,20071125,19.4,,1.6,,11.0,,40.2,,13.65,,0.0,,20.1,,19.5,,19.8,,1.1,,100.0,
CAP,5,20071126,19.6,,3.3,,10.9,,35.9,,9.29,,0.0,,19.6,,19.2,,19.4,,1.0,,360.0,
CAP,5,20071127,22.3,,0.0,,11.2,,40.4,,9.82,,0.0,,19.2,,18.8,,19.0,,1.2,,169.0,
CAP,5,20071128,23.5,,5.0,,13.4,,38.7,,10.39,,0.0,,18.9,,18.7,,18.8,,1.3,,278.0,
CAP,5,20071129,21.3,,9.8,,16.3,,49.4,,3.92,,0.0,,18.9,,18.8,,18.8,,1.4,,111.0,
CAP,5,20071130,20.6,,15.4,,17.0,,90.2,,2.49,,24.0,,19.1,,18.8,,19.0,,1.2,,121.0,
CAP,5,20071201,20.1,,9.1,,15.3,,73.4,,7.78,,0.0,,19.0,,18.8,,18.9,,5.6,,202.0,
CAP,5,20071202,18.0,,3.4,,10.3,,69.4,,13.39,,0.0,,18.9,,18.0,,18.4,,1.4,,341.0,
CAP,5,20071203,21.3,,1.5,,10.6,,74.6,,13.2,,0.0,,18.0,,17.2,,17.6,,1.6,,344.0,
CAP,5,20071204,22.3,,2.4,,11.7,,72.6,,13.2,,0.0,,17.2,,16.7,,17.0,,1.3,,330.0,
CAP,5,20071205,22.5,,2.5,,11.6,,77.1,,12.54,,0.0,,16.9,,16.4,,16.7,,1.0,,113.0,
CAP,5,20071206,23.7,,3.1,,13.1,,70.6,,10.92,,0.0,,16.6,,16.3,,16.5,,0.9,,131.0,
CAP,5,20071207,23.1,,8.7,,16.3,,72.4,,9.57,,3.0,,16.7,,16.4,,16.5,,5.2,,206.0,
CAP,5,20071208,14.3,,6.1,,10.8,,83.5,,6.92,,12.0,,16.9,,16.7,,16.8,,2.6,,209.0,
CAP,5,20071209,14.3,,5.2,,10.2,,85.5,,8.09,,0.0,,16.8,,16.2,,16.5,,1.7,,328.0,
CAP,5,20071210,14.3,,7.9,,9.9,,89.4,,7.12,,8.0,,16.2,,15.9,,16.1,,1.9,,219.0,
CAP,5,20071211,11.6,,7.1,,8.9,,90.0,,5.43,,4.0,,16.0,,15.6,,15.8,,2.2,,165.0,
CAP,5,20071212,13.6,,3.1,,7.5,,90.8,,7.63,,1.0,,15.6,,15.1,,15.3,,1.2,,339.0,
CAP,5,20071213,16.2,,0.0,,7.6,,83.0,,10.64,,0.0,,15.1,,14.5,,14.8,,1.2,,216.0,
CAP,5,20071214,12.9,,1.1,,6.2,,78.0,,10.67,,0.0,,14.6,,14.2,,14.4,,2.2,,226.0,
CAP,5,20071215,14.5,,-1.4,,5.7,,65.3,,10.95,,0.0,,14.2,,13.5,,13.8,,1.7,,16.0,
CAP,5,20071216,17.9,,-2.0,,7.2,,58.2,,9.67,,0.0,,13.5,,12.9,,13.2,,1.9,,37.0,
CAP,5,20071217,18.6,,-0.6,,7.6,,68.2,,10.89,,0.0,,13.0,,12.6,,12.8,,1.1,,167.0,
CAP,5,20071218,19.2,,-2.1,,7.6,,69.8,,10.99,,0.0,,12.9,,12.6,,12.8,,0.8,,70.0,
CAP,5,20071219,17.6,,-0.4,,7.8,,70.2,,10.52,,0.0,,12.9,,12.6,,12.7,,0.9,,164.0,
CAP,5,20071220,18.4,,-1.3,,8.0,,70.9,,10.63,,0.0,,12.9,,12.6,,12.7,,0.7,,50.0,
CAP,5,20071221,15.0,,4.9,,9.5,,57.3,,9.52,,0.0,,13.0,,12.7,,12.9,,4.0,,264.0,
CAP,5,20071222,12.4,,-5.3,,3.6,,58.0,,12.31,,0.0,,13.1,,12.5,,12.8,,1.6,,346.0,
CAP,5,20071223,15.2,,-4.5,,4.5,,61.3,,11.79,,0.0,,12.6,,11.9,,12.2,,1.1,,338.0,
CAP,5,20071224,18.5,,-1.9,,6.7,,61.4,,11.51,,0.0,,12.0,,11.6,,11.8,,1.6,,331.0,
CAP,5,20071225,14.2,,-4.0,,5.4,,52.4,,11.74,,0.0,,11.9,,11.6,,11.7,,3.4,,311.0,
CAP,5,20071226,13.7,,-7.1,,2.7,,53.9,,12.05,,0.0,,11.7,,11.2,,11.5,,1.0,,154.0,
CAP,5,20071227,11.1,,-3.1,,4.3,,42.1,,11.97,,0.0,,11.3,,10.9,,11.1,,3.6,,269.0,
CAP,5,20071228,11.9,,-5.2,,2.9,,50.2,,11.32,,0.0,,11.0,,10.6,,10.8,,1.2,,96.0,
CAP,5,20071229,12.7,,-4.5,,3.6,,55.0,,10.73,,0.0,,10.7,,10.4,,10.6,,0.8,,8.0,
CAP,5,20071230,15.2,,-4.0,,5.0,,59.8,,11.62,,0.0,,10.6,,10.4,,10.5,,1.0,,2.0,
CAP,5,20071231,17.1,,-3.7,,6.0,,59.9,,12.09,,0.0,,10.9,,10.6,,10.8,,1.4,,339.0,
