!LTER_Site, Station, Date, \
#Daily_AirTemp_Mean_C, Flag_Daily_AirTemp_Mean_C, \
#Daily_AirTemp_AbsMax_C, Flag_Daily_AirTemp_AbsMax_C, \
#Daily_AirTemp_AbsMin_C, Flag_Daily_AirTemp_AbsMin_C, \
#Daily_RH_Mean_Pct, Flag_Daily_RH_Mean_Pct, \
#Daily_Dewpoint_Mean_C, Flag_Daily_Dewpoint_Mean_C, \
#Daily_Precip_Total_mm, Flag_Daily_Precip_Total_mm, \
#Daily_Globalrad_Total_mjm2, Flag_Daily_Globalrad_Total_mjm2, \
#Daily_Atmpressure_Mean_hpa, Flag_Daily_Atmpressure_Mean_hpa, \
#Daily_Windsp_Mean_msec, Flag_Daily_Windsp_Mean_msec, \
#Daily_Reswindsp_Mean_msec, Flag_Daily_Reswindsp_Mean_msec, \
#Daily_ResWinddir_Mean_deg, Flag_Daily_ResWinddir_Mean_deg, \
#Daily_Soiltemp_Mean_C, Flag_Daily_Soiltemp_Mean_C, \
#Daily_Soiltemp_Absmax_C, Flag_Daily_Soiltemp_Absmax_C, \
#Daily_Soiltemp_Absmin_C, Flag_Daily_Soiltemp_Absmin_C

HFR,Fisher,20081201,  5.3, , 10.2, ,  2.6, , 89, ,  3.3, , 11.2, , 4.7, , 996, , 2.9, , 1.0, ,160, ,  3.3, ,  4.2, ,  2.3, 
HFR,Fisher,20081202,  1.4, ,  5.5, , -2.4, , 69, , -3.8, ,  0.0, , 6.2, ,1010, , 1.8, , 1.5, ,240, ,  3.7, ,  4.0, ,  3.3, 
HFR,Fisher,20081203, -0.4, ,  4.0, , -4.6, , 70, , -5.4, ,  0.0, , 8.2, ,1016, , 1.4, , 1.1, ,215, ,  3.1, ,  3.5, ,  2.7, 
HFR,Fisher,20081204,  1.8, ,  4.1, , -1.0, , 76, , -2.1, ,  0.0, , 1.8, ,1013, , 2.6, , 2.1, ,231, ,  2.8, ,  3.1, ,  2.6, 
HFR,Fisher,20081205, -3.1, ,  0.4, , -7.1, , 66, , -8.8, ,  0.0, , 5.3, ,1015, , 1.1, , 0.9, ,278, ,  2.6, ,  3.1, ,  2.3, 
HFR,Fisher,20081206, -4.1, ,  0.1, , -9.2, , 64, ,-10.2, ,  0.0, , 6.4, ,1012, , 1.6, , 1.1, ,166, ,  2.0, ,  2.3, ,  1.8, 
HFR,Fisher,20081207, -4.1, , -1.8, ,-11.2, , 83, , -6.8, ,  0.0, , 1.6, ,1000, , 2.2, , 1.6, ,269, ,  1.8, ,  1.8, ,  1.7, 
HFR,Fisher,20081208,-12.4, , -7.5, ,-15.1, , 48, ,-21.4, ,  0.0, , 8.3, ,1018, , 1.9, , 1.4, ,285, ,  1.6, ,  1.8, ,  1.5, 
HFR,Fisher,20081209, -0.9, , 10.0, ,-13.4, , 76, , -4.8, ,  0.8, , 3.2, ,1020, , 2.8, , 2.3, ,191, ,  1.4, ,  1.5, ,  1.3, 
HFR,Fisher,20081210,  9.0, , 12.4, ,  1.0, , 96, ,  8.4, , 24.9, , 0.4, ,1009, , 3.2, , 2.2, ,224, ,  3.2, ,  4.7, ,  1.3, 
HFR,Fisher,20081211, -0.7, ,  1.2, , -1.4, , 96, , -1.4, ,  8.6, , 0.8, ,1011, , 1.0,Q, 0.7,Q, 58,Q,  3.9, ,  4.5, ,  3.3, 
HFR,Fisher,20081212, -0.8, ,  1.6, , -5.2, , 94, , -1.7, , 62.7, , 3.2, , 997, , 0.8,Q, 0.7,Q,291,Q,  2.5, ,  3.3, ,  2.2, 
HFR,Fisher,20081213, -7.6, , -3.9, ,-11.5, , 80, ,-10.5, ,  0.0, , 7.8, ,1017, , 1.4, , 1.1, ,293, ,  1.9, ,  2.4, ,  1.5, 
HFR,Fisher,20081214, -2.8, ,  2.5, ,-11.2, , 84, , -5.3, ,  4.3, , 6.7, ,1025, , 2.1, , 1.8, ,189, ,  1.3, ,  1.5, ,  1.2, 
HFR,Fisher,20081215,  8.9, , 12.8, ,  2.1, , 89, ,  7.1, , 14.0, , 2.2, ,1019, , 3.7, , 3.3, ,214, ,  1.5, ,  2.5, ,  1.2, 
HFR,Fisher,20081216, -0.6, ,  7.4, , -5.6, , 64, , -6.7, ,  0.0, , 2.5, ,1023, , 1.8, , 0.9, ,308, ,  2.7, ,  2.9, ,  2.4, 
HFR,Fisher,20081217, -3.5, , -1.6, , -6.2, , 97, , -3.9, ,  9.4, , 1.0, ,1014, , 1.5, , 0.2, , 49, ,  2.1, ,  2.4, ,  2.0, 
HFR,Fisher,20081218, -2.7, ,  0.2, , -5.3, , 94, , -3.6, ,  0.0, , 5.8, ,1018, , 1.1, , 0.9, ,270, ,  2.1, ,  2.1, ,  2.0, 
HFR,Fisher,20081219, -7.3, , -4.5, ,-12.1, , 89, , -8.9, , 10.7, , 1.2, ,1014, , 2.0, , 1.7, , 61, ,  1.7, ,  2.0, ,  1.5, 
HFR,Fisher,20081220,-11.2, , -8.9, ,-13.1, , 92, ,-12.3, ,  2.0, , 1.2, ,1013, , 1.4, , 1.2, , 44, ,  1.6, ,  1.6, ,  1.5, 
HFR,Fisher,20081221, -9.5, , -7.1, ,-11.2, , 93, ,-10.4, ,  8.9, , 0.9, ,1000, , 2.3, , 1.0, , 42, ,  1.7, ,  1.8, ,  1.6, 
HFR,Fisher,20081222,-11.3, , -8.0, ,-14.0, , 75, ,-15.0, ,  1.3, , 6.6, ,1003, , 3.5, , 3.2, ,276, ,  2.0, ,  2.1, ,  1.8, 
HFR,Fisher,20081223, -9.2, , -3.4, ,-16.5, , 62, ,-15.3, ,  1.0, , 7.6, ,1025, , 1.8, , 1.3, ,237, ,  2.2, ,  2.3, ,  2.1, 
HFR,Fisher,20081224,  0.3, ,  8.4, , -5.7, , 93, , -0.8, , 12.4, , 0.7, ,1015, , 3.5, , 3.1, ,214, ,  2.3, ,  2.4, ,  2.3, 
HFR,Fisher,20081225,  1.5, ,  8.6, , -4.8, , 65, , -4.7, ,  3.8, , 7.2, ,1014, , 3.0, , 2.4, ,278, ,  2.4, ,  2.6, ,  2.3, 
HFR,Fisher,20081226, -2.9, ,  1.2, , -7.9, , 67, , -8.4, ,  0.0, , 5.7, ,1027, , 1.3, , 0.8, ,161, ,  2.2, ,  2.3, ,  2.1, 
HFR,Fisher,20081227,  2.6, ,  4.5, , -0.3, , 98, ,  2.3, ,  7.1, , 0.8, ,1019, , 2.5, , 2.1, ,205, ,  2.1, ,  2.2, ,  2.1, 
HFR,Fisher,20081228,  7.4, , 11.5, ,  0.1, , 93, ,  6.4, ,  0.0, , 0.8, ,1007, , 3.1, , 2.5, ,226, ,  2.0, ,  2.1, ,  1.9, 
HFR,Fisher,20081229, -0.3, ,  0.9, , -3.1, , 74, , -4.4, ,  0.0, , 1.6, ,1005, , 2.2, , 1.9, ,273, ,  1.8, ,  1.9, ,  1.7, 
HFR,Fisher,20081230, -2.1, ,  0.6, , -6.7, , 59, , -9.6, ,  0.3, , 7.2, ,1001, , 3.1, , 2.7, ,279, ,  1.5, ,  1.7, ,  1.4, 
HFR,Fisher,20081231,-10.0, , -5.8, ,-17.5, , 81, ,-12.8, ,  4.8, , 1.1, , 999, , 2.1, , 1.2, ,340, ,  1.2, ,  1.4, ,  1.1, 
