!LTER_Site,Station,Date,Daily_Precip_Total_MM,Flag_Daily_Precip_Total_MM,Daily_Discharge_Mean_Lps,Flag_Daily_Discharge_Mean_Lps
KNZ,06879650,20071107,0.00,,0.00,
KNZ,06879650,20071108,0.00,,0.00,
KNZ,06879650,20071109,0.00,,0.00,
KNZ,06879650,20071110,0.00,,0.00,
KNZ,06879650,20071111,0.00,,0.00,
KNZ,06879650,20071112,0.00,,0.00,
KNZ,06879650,20071113,0.00,,0.00,
KNZ,06879650,20071114,0.00,,0.00,
KNZ,06879650,20071115,0.00,,0.00,
KNZ,06879650,20071116,0.00,,0.00,
KNZ,06879650,20071117,0.00,,0.00,
KNZ,06879650,20071118,0.00,,0.00,
KNZ,06879650,20071119,0.00,,0.00,
KNZ,06879650,20071120,0.00,,0.00,
KNZ,06879650,20071121,0.00,,0.00,
KNZ,06879650,20071122,0.00,,0.00,
KNZ,06879650,20071123,0.00,,0.00,
KNZ,06879650,20071124,0.00,,0.00,
KNZ,06879650,20071125,0.00,,0.00,
KNZ,06879650,20071126,0.00,,0.00,
KNZ,06879650,20071127,0.00,,0.00,
KNZ,06879650,20071128,0.00,,0.00,
KNZ,06879650,20071129,0.00,,0.00,
KNZ,06879650,20071130,0.00,,0.00,
KNZ,06879650,20071201,2.03,,0.00,
KNZ,06879650,20071202,0.00,,0.00,
KNZ,06879650,20071203,0.00,,0.00,
KNZ,06879650,20071204,0.00,,0.00,
KNZ,06879650,20071205,,M,0.00,
KNZ,06879650,20071206,0.00,,0.00,
KNZ,06879650,20071207,0.00,,0.00,
KNZ,06879650,20071208,0.00,,0.00,
KNZ,06879650,20071209,0.00,,0.00,
KNZ,06879650,20071210,24.13,,0.00,
KNZ,06879650,20071211,41.15,,0.00,
KNZ,06879650,20071212,0.00,,0.00,
KNZ,06879650,20071213,1.02,,0.00,
KNZ,06879650,20071214,0.00,,0.00,
KNZ,06879650,20071215,0.00,,0.00,
KNZ,06879650,20071216,0.00,,0.00,
KNZ,06879650,20071217,0.00,,0.00,
KNZ,06879650,20071218,0.00,,0.00,
KNZ,06879650,20071219,0.00,,0.00,
KNZ,06879650,20071220,0.00,,0.00,
KNZ,06879650,20071221,0.00,,0.00,
KNZ,06879650,20071222,0.00,,0.00,
KNZ,06879650,20071223,0.00,,0.00,
KNZ,06879650,20071224,0.00,,0.00,
KNZ,06879650,20071225,0.00,,0.00,
KNZ,06879650,20071226,0.00,,0.00,
KNZ,06879650,20071227,0.00,,0.00,
KNZ,06879650,20071228,0.51,,0.00,
KNZ,06879650,20071229,0.00,,0.00,
KNZ,06879650,20071230,0.00,,0.00,
KNZ,06879650,20071231,0.00,,0.00,
KNZ,06879650,20080101,0.00,,0.00,
KNZ,06879650,20080102,0.00,,0.00,
KNZ,06879650,20080103,0.00,,0.00,
KNZ,06879650,20080104,0.00,,0.00,
KNZ,06879650,20080105,0.00,,0.00,
KNZ,06879650,20080106,0.00,,0.00,
KNZ,06879650,20080107,0.00,,0.00,
KNZ,06879650,20080108,0.00,,0.00,
KNZ,06879650,20080109,0.00,,0.00,
KNZ,06879650,20080110,0.00,,0.00,
KNZ,06879650,20080111,0.00,,0.00,
KNZ,06879650,20080112,0.00,,0.00,
KNZ,06879650,20080113,0.00,,0.00,
KNZ,06879650,20080114,0.00,,0.00,
KNZ,06879650,20080115,0.00,,0.00,
KNZ,06879650,20080116,0.00,,0.00,
KNZ,06879650,20080117,0.00,,0.00,
KNZ,06879650,20080118,0.00,,0.00,
KNZ,06879650,20080119,0.00,,0.00,
KNZ,06879650,20080120,0.00,,0.00,
KNZ,06879650,20080121,0.00,,0.00,
KNZ,06879650,20080122,0.00,,0.00,
KNZ,06879650,20080123,0.00,,0.00,
KNZ,06879650,20080124,0.00,,0.00,
KNZ,06879650,20080125,0.00,,0.00,
KNZ,06879650,20080126,0.00,,0.00,
KNZ,06879650,20080127,0.00,,0.00,
KNZ,06879650,20080128,0.00,,0.00,
KNZ,06879650,20080129,0.00,,0.00,
KNZ,06879650,20080130,0.00,,0.00,
KNZ,06879650,20080131,0.00,,0.00,
KNZ,06879650,20080201,0.00,,0.00,
KNZ,06879650,20080202,0.00,,0.00,
KNZ,06879650,20080203,0.00,,0.00,
KNZ,06879650,20080204,0.00,,0.00,
KNZ,06879650,20080205,0.00,,0.00,
KNZ,06879650,20080206,0.00,,0.00,
KNZ,06879650,20080207,1.52,,0.00,
KNZ,06879650,20080208,0.00,,0.00,
KNZ,06879650,20080209,0.00,,0.00,
KNZ,06879650,20080210,0.00,,0.00,
KNZ,06879650,20080211,0.00,,0.00,
KNZ,06879650,20080212,2.54,,0.00,
KNZ,06879650,20080213,0.00,,0.00,
KNZ,06879650,20080214,0.00,,0.00,
KNZ,06879650,20080215,0.00,,0.00,
KNZ,06879650,20080216,10.92,,0.00,
KNZ,06879650,20080217,16.00,,195.39,
KNZ,06879650,20080218,0.00,,141.58,
KNZ,06879650,20080219,0.00,,110.44,
KNZ,06879650,20080220,0.00,,96.28,
KNZ,06879650,20080221,0.00,,93.45,
KNZ,06879650,20080222,0.00,,87.78,
KNZ,06879650,20080223,0.00,,82.12,
KNZ,06879650,20080224,2.54,,82.12,
KNZ,06879650,20080225,0.00,,82.12,
KNZ,06879650,20080226,0.00,,67.96,
KNZ,06879650,20080227,0.00,,70.79,
KNZ,06879650,20080228,0.00,,67.96,
KNZ,06879650,20080229,0.00,,59.47,
KNZ,06879650,20080301,0.00,,65.13,
KNZ,06879650,20080302,34.80,,283.17,
KNZ,06879650,20080303,0.00,,368.12,
KNZ,06879650,20080304,0.00,,232.20,
KNZ,06879650,20080305,0.00,,192.55,
KNZ,06879650,20080306,0.00,,172.73,
KNZ,06879650,20080307,0.00,,155.74,
KNZ,06879650,20080308,0.00,,150.08,
KNZ,06879650,20080309,0.00,,138.75,
KNZ,06879650,20080310,0.00,,127.43,
KNZ,06879650,20080311,0.00,,127.43,
KNZ,06879650,20080312,0.00,,121.76,
KNZ,06879650,20080313,0.00,,113.27,
KNZ,06879650,20080314,3.30,,110.44,
KNZ,06879650,20080315,4.32,,116.10,
KNZ,06879650,20080316,0.00,,104.77,
KNZ,06879650,20080317,3.56,,110.44,
KNZ,06879650,20080318,0.00,,104.77,
KNZ,06879650,20080319,0.00,,99.11,
KNZ,06879650,20080320,0.00,,99.11,
KNZ,06879650,20080321,0.00,,93.45,
KNZ,06879650,20080322,0.00,,87.78,
KNZ,06879650,20080323,0.00,,84.95,
KNZ,06879650,20080324,0.00,,87.78,
KNZ,06879650,20080325,0.00,,82.12,
KNZ,06879650,20080326,0.00,,82.12,
KNZ,06879650,20080327,0.00,,79.29,
KNZ,06879650,20080328,0.00,,73.62,
KNZ,06879650,20080329,0.00,,73.62,
KNZ,06879650,20080330,0.00,,70.79,
KNZ,06879650,20080331,4.06,,70.79,
KNZ,06879650,20080401,0.00,,62.30,
KNZ,06879650,20080402,0.00,,62.30,
KNZ,06879650,20080403,3.05,,65.13,
KNZ,06879650,20080404,0.00,,59.47,
KNZ,06879650,20080405,0.00,,56.63,
KNZ,06879650,20080406,0.00,,53.80,
KNZ,06879650,20080407,0.00,,50.97,
KNZ,06879650,20080408,21.84,,76.46,
KNZ,06879650,20080409,0.00,,73.62,
KNZ,06879650,20080410,3.05,,84.95,
KNZ,06879650,20080411,0.00,,82.12,
KNZ,06879650,20080412,0.00,,82.12,
KNZ,06879650,20080413,0.00,,82.12,
KNZ,06879650,20080414,0.00,,82.12,
KNZ,06879650,20080415,0.00,,87.78,
KNZ,06879650,20080416,0.00,,84.95,
KNZ,06879650,20080417,6.35,,90.61,
KNZ,06879650,20080418,0.00,,90.61,
KNZ,06879650,20080419,0.00,,87.78,
KNZ,06879650,20080420,0.00,,87.78,
KNZ,06879650,20080421,0.00,,84.95,
KNZ,06879650,20080422,0.00,,82.12,
KNZ,06879650,20080423,1.27,,84.95,
KNZ,06879650,20080424,0.00,,84.95,
KNZ,06879650,20080425,0.00,,79.29,
KNZ,06879650,20080426,2.29,,73.62,
KNZ,06879650,20080427,0.00,,73.62,
KNZ,06879650,20080428,0.00,,70.79,
KNZ,06879650,20080429,0.00,,70.79,
KNZ,06879650,20080430,0.00,,70.79,
KNZ,06879650,20080501,0.00,,67.96,
KNZ,06879650,20080502,0.00,,59.47,
KNZ,06879650,20080503,0.00,,53.80,
KNZ,06879650,20080504,0.00,,53.80,
KNZ,06879650,20080505,0.00,,53.80,
KNZ,06879650,20080506,0.51,,53.80,
KNZ,06879650,20080507,0.51,,50.97,
KNZ,06879650,20080508,4.06,,48.14,
KNZ,06879650,20080509,1.27,,50.97,
KNZ,06879650,20080510,3.81,,48.14,
KNZ,06879650,20080511,0.00,,45.31,
KNZ,06879650,20080512,0.00,,45.31,
KNZ,06879650,20080513,0.00,,39.64,
KNZ,06879650,20080514,0.00,,39.64,
KNZ,06879650,20080515,0.00,,39.64,
KNZ,06879650,20080516,0.00,,42.48,
KNZ,06879650,20080517,0.00,,39.64,
KNZ,06879650,20080518,0.00,,36.81,
KNZ,06879650,20080519,0.00,,33.98,
KNZ,06879650,20080520,0.00,,31.15,
KNZ,06879650,20080521,0.00,,31.15,
KNZ,06879650,20080522,0.51,,28.32,
KNZ,06879650,20080523,0.00,,26.33,
KNZ,06879650,20080524,12.70,,28.32,
KNZ,06879650,20080525,13.21,,27.47,
KNZ,06879650,20080526,62.74,,243.52,
KNZ,06879650,20080527,0.00,,538.02,
KNZ,06879650,20080528,0.00,,201.05,
KNZ,06879650,20080529,0.00,,169.90,
KNZ,06879650,20080530,0.00,,144.42,
KNZ,06879650,20080531,0.00,,121.76,
KNZ,06879650,20080601,0.00,,107.60,
KNZ,06879650,20080602,37.59,,1670.69,
KNZ,06879650,20080603,0.00,,368.12,
KNZ,06879650,20080604,0.00,,311.49,
KNZ,06879650,20080605,1.02,,481.39,
KNZ,06879650,20080606,0.00,,368.12,
KNZ,06879650,20080607,0.00,,283.17,
KNZ,06879650,20080608,1.78,,252.02,
KNZ,06879650,20080609,0.00,,232.20,
KNZ,06879650,20080610,1.02,,206.71,
KNZ,06879650,20080611,25.91,,232.20,
KNZ,06879650,20080612,1.52,,311.49,
KNZ,06879650,20080613,0.00,,209.54,
KNZ,06879650,20080614,0.00,,186.89,
KNZ,06879650,20080615,0.00,,175.56,
KNZ,06879650,20080616,6.60,,164.24,
KNZ,06879650,20080617,0.00,,152.91,
KNZ,06879650,20080618,6.86,,152.91,
KNZ,06879650,20080619,21.59,,184.06,
KNZ,06879650,20080620,0.00,,203.88,
KNZ,06879650,20080621,0.00,,155.74,
KNZ,06879650,20080622,0.00,,141.58,
KNZ,06879650,20080623,4.32,,141.58,
KNZ,06879650,20080624,0.00,,127.43,
KNZ,06879650,20080625,3.30,,116.10,
KNZ,06879650,20080626,18.29,,116.10,
KNZ,06879650,20080627,14.22,,152.91,
KNZ,06879650,20080628,0.00,,113.27,
KNZ,06879650,20080629,0.00,,101.94,
KNZ,06879650,20080630,0.00,,93.45,
KNZ,06879650,20080701,0.00,,87.78,
KNZ,06879650,20080702,6.35,,79.29,
KNZ,06879650,20080703,0.00,,79.29,
KNZ,06879650,20080704,0.00,,70.79,
KNZ,06879650,20080705,26.67,,101.94,
KNZ,06879650,20080706,0.00,,73.62,
KNZ,06879650,20080707,0.00,,65.13,
KNZ,06879650,20080708,,M,991.09,
KNZ,06879650,20080709,0.00,,189.72,
KNZ,06879650,20080710,0.00,,150.08,
KNZ,06879650,20080711,0.00,,135.92,
KNZ,06879650,20080712,13.97,,138.75,
KNZ,06879650,20080713,0.00,,130.26,
KNZ,06879650,20080714,0.00,,121.76,
KNZ,06879650,20080715,0.00,,116.10,
KNZ,06879650,20080716,0.00,,113.27,
KNZ,06879650,20080717,0.00,,107.60,
KNZ,06879650,20080718,54.61,,481.39,
KNZ,06879650,20080719,0.00,,167.07,
KNZ,06879650,20080720,0.00,,141.58,
KNZ,06879650,20080721,0.00,,130.26,
KNZ,06879650,20080722,0.00,,121.76,
KNZ,06879650,20080723,0.00,,116.10,
KNZ,06879650,20080724,0.00,,110.44,
KNZ,06879650,20080725,0.00,,107.60,
KNZ,06879650,20080726,0.00,,101.94,
KNZ,06879650,20080727,0.00,,96.28,
KNZ,06879650,20080728,1.52,,96.28,
KNZ,06879650,20080729,17.27,,101.94,
KNZ,06879650,20080730,3.30,,110.44,
KNZ,06879650,20080731,0.00,,90.61,
KNZ,06879650,20080801,0.00,,82.12,
KNZ,06879650,20080802,0.00,,79.29,
KNZ,06879650,20080803,0.00,,70.79,
KNZ,06879650,20080804,0.00,,62.30,
KNZ,06879650,20080805,0.00,,59.47,
KNZ,06879650,20080806,0.00,,59.47,
KNZ,06879650,20080807,0.00,,59.47,
KNZ,06879650,20080808,0.00,,53.80,
KNZ,06879650,20080809,112.78,,1302.58,
KNZ,06879650,20080810,0.00,,311.49,
KNZ,06879650,20080811,0.00,,195.39,
KNZ,06879650,20080812,15.24,,209.54,
KNZ,06879650,20080813,0.00,,161.41,
KNZ,06879650,20080814,0.00,,150.08,
KNZ,06879650,20080815,0.00,,135.92,
KNZ,06879650,20080816,0.00,,124.59,
KNZ,06879650,20080817,0.00,,116.10,
KNZ,06879650,20080818,0.00,,110.44,
KNZ,06879650,20080819,0.00,,101.94,
KNZ,06879650,20080820,0.00,,96.28,
KNZ,06879650,20080821,0.00,,93.45,
KNZ,06879650,20080822,0.00,,82.12,
KNZ,06879650,20080823,27.43,,104.77,
KNZ,06879650,20080824,0.00,,82.12,
KNZ,06879650,20080825,0.00,,73.62,
KNZ,06879650,20080826,0.00,,67.96,
KNZ,06879650,20080827,0.00,,59.47,
KNZ,06879650,20080828,0.00,,53.80,
KNZ,06879650,20080829,0.00,,45.31,
KNZ,06879650,20080830,0.00,,42.48,
KNZ,06879650,20080831,0.00,,39.64,
KNZ,06879650,20080901,0.00,,36.81,
KNZ,06879650,20080902,0.00,,31.15,
KNZ,06879650,20080903,0.00,,31.15,
KNZ,06879650,20080904,0.00,,31.15,
KNZ,06879650,20080905,0.51,,27.18,
KNZ,06879650,20080906,0.00,,25.77,
KNZ,06879650,20080907,0.00,,24.35,
KNZ,06879650,20080908,44.45,,67.96,
KNZ,06879650,20080909,0.00,,33.98,
KNZ,06879650,20080910,0.00,,28.03,
KNZ,06879650,20080911,9.40,,28.32,
KNZ,06879650,20080912,60.20,,1104.36,
KNZ,06879650,20080913,9.65,,566.34,
KNZ,06879650,20080914,0.00,,280.34,
KNZ,06879650,20080915,0.00,,215.21,
KNZ,06879650,20080916,0.00,,186.89,
KNZ,06879650,20080917,0.00,,164.24,
KNZ,06879650,20080918,0.00,,150.08,
KNZ,06879650,20080919,0.00,,138.75,
KNZ,06879650,20080920,0.00,,130.26,
KNZ,06879650,20080921,0.00,,118.93,
KNZ,06879650,20080922,0.00,,113.27,
KNZ,06879650,20080923,0.00,,101.94,
KNZ,06879650,20080924,0.00,,96.28,
KNZ,06879650,20080925,0.00,,87.78,
KNZ,06879650,20080926,0.00,,84.95,
KNZ,06879650,20080927,0.00,,76.46,
KNZ,06879650,20080928,0.00,,70.79,
KNZ,06879650,20080929,0.00,,65.13,
KNZ,06879650,20080930,0.00,,62.30,
KNZ,06879650,20081001,0.00,,56.63,
KNZ,06879650,20081002,,M,53.80,
KNZ,06879650,20081003,,M,50.97,
KNZ,06879650,20081004,,M,45.31,
KNZ,06879650,20081005,,M,42.48,
KNZ,06879650,20081006,,M,42.48,
KNZ,06879650,20081007,1.78,,39.64,
KNZ,06879650,20081008,0.00,,36.81,
KNZ,06879650,20081009,0.00,,33.98,
KNZ,06879650,20081010,0.00,,31.15,
KNZ,06879650,20081011,0.00,,27.75,
KNZ,06879650,20081012,0.00,,28.32,
KNZ,06879650,20081013,13.97,,36.81,
KNZ,06879650,20081014,5.59,,39.64,
KNZ,06879650,20081015,10.41,,48.14,
KNZ,06879650,20081016,0.00,,36.81,
KNZ,06879650,20081017,0.00,,33.98,
KNZ,06879650,20081018,0.00,,33.98,
KNZ,06879650,20081019,0.00,,31.15,
KNZ,06879650,20081020,0.00,,28.32,
KNZ,06879650,20081021,3.81,,28.32,
KNZ,06879650,20081022,2.03,,31.15,
KNZ,06879650,20081023,0.00,,28.32,
KNZ,06879650,20081024,0.00,,26.33,
KNZ,06879650,20081025,0.00,,24.64,
KNZ,06879650,20081026,0.00,,27.18,
KNZ,06879650,20081027,0.00,,24.92,
KNZ,06879650,20081028,0.00,,26.90,
KNZ,06879650,20081029,0.00,,31.15,
KNZ,06879650,20081030,0.00,,31.15,
KNZ,06879650,20081031,0.00,,28.32,
KNZ,06879650,20081101,0.00,,25.20,
KNZ,06879650,20081102,0.00,,23.79,
KNZ,06879650,20081103,0.00,,22.37,
KNZ,06879650,20081104,0.00,,21.52,
KNZ,06879650,20081105,15.49,,21.52,
KNZ,06879650,20081106,0.00,,21.24,
KNZ,06879650,20081107,0.00,,21.52,
KNZ,06879650,20081108,0.00,,19.82,
KNZ,06879650,20081109,0.00,,18.97,
KNZ,06879650,20081110,4.32,,18.41,
KNZ,06879650,20081111,6.35,,19.26,
KNZ,06879650,20081112,0.00,,18.12,
KNZ,06879650,20081113,0.00,,19.26,
KNZ,06879650,20081114,0.00,,17.84,
KNZ,06879650,20081115,0.00,,15.57,
KNZ,06879650,20081116,0.00,,15.57,
KNZ,06879650,20081117,0.00,,13.59,
KNZ,06879650,20081118,0.00,,13.59,
KNZ,06879650,20081119,0.00,,14.72,
KNZ,06879650,20081120,0.00,,12.18,
KNZ,06879650,20081121,0.00,,11.89,
KNZ,06879650,20081122,0.00,,12.18,
KNZ,06879650,20081123,0.00,,11.61,
KNZ,06879650,20081124,0.00,,10.76,
KNZ,06879650,20081125,0.00,,10.76,
KNZ,06879650,20081126,0.00,,9.63,
KNZ,06879650,20081127,0.00,,8.78,
KNZ,06879650,20081128,0.00,,8.78,
KNZ,06879650,20081129,0.00,,8.78,
KNZ,06879650,20081130,0.00,,8.50,
KNZ,06879650,20081201,0.00,,7.65,
KNZ,06879650,20081202,0.00,,7.65,
KNZ,06879650,20081203,0.00,,6.80,
KNZ,06879650,20081204,0.00,,6.23,
KNZ,06879650,20081205,0.00,,6.23,
KNZ,06879650,20081206,0.00,,5.95,
KNZ,06879650,20081207,0.00,,5.66,
KNZ,06879650,20081208,0.00,,5.66,
KNZ,06879650,20081209,0.00,,5.10,
KNZ,06879650,20081210,0.00,,4.81,
KNZ,06879650,20081211,0.00,,4.81,
KNZ,06879650,20081212,0.00,,4.25,
KNZ,06879650,20081213,0.00,,4.53,
KNZ,06879650,20081214,0.00,,3.68,
KNZ,06879650,20081215,0.00,,3.40,
KNZ,06879650,20081216,0.00,,3.68,
KNZ,06879650,20081217,0.00,,3.11,
KNZ,06879650,20081218,0.00,,3.11,
KNZ,06879650,20081219,0.00,,2.83,
KNZ,06879650,20081220,0.00,,2.27,
KNZ,06879650,20081221,0.00,,1.98,
KNZ,06879650,20081222,0.00,,2.27,
KNZ,06879650,20081223,0.00,,2.27,
KNZ,06879650,20081224,0.00,,1.70,
KNZ,06879650,20081225,0.00,,1.70,
KNZ,06879650,20081226,1.27,,1.70,
KNZ,06879650,20081227,0.00,,1.13,
KNZ,06879650,20081228,0.00,,0.85,
KNZ,06879650,20081229,0.00,,0.57,
KNZ,06879650,20081230,0.00,,0.57,
KNZ,06879650,20081231,0.00,,0.28,
KNZ,06879650,20090101,0.00,,0.57,
KNZ,06879650,20090102,0.00,,0.28,
KNZ,06879650,20090103,0.00,,0.00,
KNZ,06879650,20090104,0.00,,0.00,
KNZ,06879650,20090105,0.00,,0.00,
KNZ,06879650,20090106,0.00,,0.00,
KNZ,06879650,20090107,0.00,,0.00,
KNZ,06879650,20090108,0.00,,0.00,
KNZ,06879650,20090109,0.00,,0.00,
KNZ,06879650,20090110,0.00,,0.00,
KNZ,06879650,20090111,0.00,,0.00,
KNZ,06879650,20090112,0.00,,0.00,
KNZ,06879650,20090113,0.00,,0.00,
KNZ,06879650,20090114,0.00,,0.00,
KNZ,06879650,20090115,0.00,,0.00,
KNZ,06879650,20090116,0.00,,0.00,
KNZ,06879650,20090117,0.00,,0.00,
KNZ,06879650,20090118,0.00,,0.00,
KNZ,06879650,20090119,0.00,,0.00,
KNZ,06879650,20090120,0.00,,0.00,
KNZ,06879650,20090121,0.00,,0.00,
KNZ,06879650,20090122,0.00,,0.00,
