!LTER_Site, Station, Date, Daily_AirTemp_Mean_C, Flag_Daily_AirTemp_Mean_C, \
#Daily_AirTemp_AbsMax_C, Flag_Daily_AirTemp_AbsMax_C, \
#Daily_AirTemp_AbsMin_C, Flag_Daily_AirTemp_AbsMin_C, \
#Daily_Precip_Total_mm, Flag_Daily_Precip_Total_mm, \
#Daily_Globalrad_Total_mJm2, Flag_Daily_Globalrad_Total_mJm2, \
#Daily_Rh_Mean_Pct, Flag_Daily_Rh_Mean_Pct, \
#Daily_Windsp_Mean_Msec, Flag_Daily_Windsp_Mean_Msec, \
#Daily_Reswindsp_Mean_Msec, Flag_Daily_Reswindsp_Mean_Msec, \
#Daily_Reswinddir_Mean_Deg, Flag_Daily_Reswinddir_Mean_Deg, \
#Daily_Vappressure_Mean_hPa, Flag_Daily_Vappressure_Mean_hPa, \
#Daily_Dewpoint_Mean_C, Flag_Daily_Dewpoint_Mean_C
NTL,AIRPORTWOO,20081101,1.693,,10.13,,-5.66,,0,,8.7,,72.322,,1.106,,.73,,117.35,,4.790,,-3.403,
NTL,AIRPORTWOO,20081102,4.357,,8.206,,.436,,0,,1.5,,88.298,,2.856,,2.651,,143.84,,7.460,,2.574,
NTL,AIRPORTWOO,20081103,10.146,,20.08,,1.662,,0,,7.6,,86.048,,2.764,,2.445,,147.14,,10.910,,7.684,
NTL,AIRPORTWOO,20081104,14.386,,19.357,,10.816,,0,,4.4,,77.534,,2.81,,2.663,,183.82,,12.620,,10.38,
NTL,AIRPORTWOO,20081105,13.008,,14.924,,11.35,Q,2.032,,3.0,,73.885,,3.958,,3.795,,167.11,,11.080,,8.372,
NTL,AIRPORTWOO,20081106,10.832,,14.632,,3.602,,2.286,,2.7,,88.167,,3.557,,3.34,,125.43,,11.480,,8.932,
NTL,AIRPORTWOO,20081107,4.429,,6.994,,2.086,,4.318,,3.2,,87.884,,1.547,,.958,,153.4,,7.370,,2.552,
NTL,AIRPORTWOO,20081108,.35,,2.974,,-3.492,,6.35,,3.8,,90.382,,3.42,,3.147,,333.48,,5.730,,-1.044,
NTL,AIRPORTWOO,20081109,-4.931,,-3.34,,-6.138,,0,,4.6,,80.034,,3.788,,3.472,,290.31,,3.390,,-7.873,
NTL,AIRPORTWOO,20081110,-4.887,,-2.934,,-10.544,,0,,2.3,,84.608,,2.022,,1.695,,296.74,,3.600,,-7.096,
NTL,AIRPORTWOO,20081111,-4.796,,.75,,-12.841,,.254,,8.4,,82.527,,1.899,,1.624,,126.21,,3.630,,-7.414,
NTL,AIRPORTWOO,20081112,.792,,1.822,,-1.496,,2.032,,1.3,,95.454,,2.524,,2.159,,134.53,,6.190,,.152,
NTL,AIRPORTWOO,20081113,2.777,,3.884,,1.438,,3.556,,0.8,,94.915,,3.452,,2.982,,196.61,,7.090,,2.046,
NTL,AIRPORTWOO,20081114,1.1,,2.601,,-.747,,0,,1.6,,84.528,,2.489,,2.232,,285.71,,5.600,,-1.221,
NTL,AIRPORTWOO,20081115,-1.989,,.082,,-3.927,,.508,,4.0,,83.001,,2.864,,2.541,,322.16,,4.390,,-4.516,
NTL,AIRPORTWOO,20081116,-4.937,,-3.036,,-6.239,,0,,3.2,,77.124,,2.642,,2.37,,305.85,,3.270,,-8.353,
NTL,AIRPORTWOO,20081117,-7.09,,-4.596,,-9.558,,0,,4.4,,82.535,,2.784,,2.48,,316.69,,2.970,,-9.607,
NTL,AIRPORTWOO,20081118,-6.867,,-4.413,,-12.088,,0,,6.0,,71.003,,2.858,,1.964,,181.66,,2.570,,-11.39,
NTL,AIRPORTWOO,20081119,-3.833,,-2.003,,-5.427,,0,,1.1,,75.039,,3.731,,1.301,,283.19,,3.470,,-7.621,
NTL,AIRPORTWOO,20081120,-8.594,,-5.417,,-10.157,,0,,3.7,,80.485,,3.573,,3.254,,332.06,,2.580,,-11.376,
NTL,AIRPORTWOO,20081121,-12.785,,-8.756,,-20.296,,0,,5.2,,79.503,,2.006,,1.695,,281.74,,1.850,,-15.659,
NTL,AIRPORTWOO,20081122,-11.147,,-3.097,,-21.072,,0,,7.4,,74.034,,1.92,,1.671,,144.53,,2.030,,-15.06,
NTL,AIRPORTWOO,20081123,-3.465,,-1.05,,-5.934,,0,,3.8,,80.316,,2.373,,2.071,,216.66,,3.820,,-6.39,
NTL,AIRPORTWOO,20081124,-3.373,,-1.688,,-4.352,,0,,2.6,,89.212,,1.556,,1.352,,304.61,,4.250,,-4.9,
NTL,AIRPORTWOO,20081125,-4.174,,.183,,-10.655,,.508,,6.0,,83.75,,1.486,,1.069,,295.6,,3.770,,-6.573,
NTL,AIRPORTWOO,20081126,-8.196,,-.12,,-15.812,,0,,8.0,,83.096,,.772,,.449,,347.26,,2.800,,-10.696,
NTL,AIRPORTWOO,20081127,-3.885,,-.716,,-8.288,,0,,2.5,,89.292,,2.614,,2.019,,265.02,,4.140,,-5.399,
NTL,AIRPORTWOO,20081128,-5.687,,-2.124,,-16.484,,0,,1.8,,83.436,,2.295,,1.973,,286.09,,3.470,,-8.081,
NTL,AIRPORTWOO,20081129,-7.434,,.71,,-17.625,,0,,4.4,,82.066,,.58,,.185,Q,60.415,,3.110,,-10.05,
NTL,AIRPORTWOO,20081130,-5.098,,-2.752,,-7.852,,0,,1.3,,88.92,,4.311,,4.207,,4.981,,3.740,,-6.646,
NTL,AIRPORTWOO,20081201,-7.392,,-5.276,,-10.868,,0,,3.3,,84.712,,4.176,,3.648,,331.73,,2.980,,-9.538,
NTL,AIRPORTWOO,20081202,-7.702,,-2.448,,-16.26,,0,,2.0,,81.118,,3.459,,3.236,,192.89,,2.860,,-10.437,
NTL,AIRPORTWOO,20081203,-12.371,,-10.91,,-14.286,,0,,,M,78.519,,2.921,,2.702,,296.66,,1.860,,-15.353,
NTL,AIRPORTWOO,20081204,-14.069,,-10.482,,-17.646,,0,,3.5,,79.657,,2.686,,2.428,,273,,1.650,,-16.867,
NTL,AIRPORTWOO,20081205,-13.918,,-10.624,,-18.114,,0,,3.3,,80.492,,3.819,,3.319,,207.34,,1.710,,-16.585,
NTL,AIRPORTWOO,20081206,-11.226,,-8.147,,-14.102,,0,,3.7,,82.842,,3.103,,2.343,,322.88,,2.180,,-13.581,
NTL,AIRPORTWOO,20081207,-14.922,,-12.454,,-21.766,,0,,3.7,,81.733,,2.363,,1.442,,163.54,,1.590,,-17.37,
NTL,AIRPORTWOO,20081208,-11.313,,-8.918,,-13.99,,0,,1.7,,86.851,,1.583,,.795,,138.3,,2.270,,-13.07,
NTL,AIRPORTWOO,20081209,-10.56,,-7.274,,-21.316,,0,,2.7,,85.691,,3.884,,3.727,,.82,,2.460,,-12.514,
NTL,AIRPORTWOO,20081210,-12.541,,-6.706,,-22.357,,0,,2.1,,83.397,,3.003,,2.743,,179.94,,2.020,,-14.789,
NTL,AIRPORTWOO,20081211,-11.819,,-4.698,,-18.114,,0,,5.3,,74.569,,3.12,,2.641,,277.37,,1.920,,-15.481,
NTL,AIRPORTWOO,20081212,-17.187,,-13.278,,-25.298,,0,,6.4,,76.977,,2.464,,1.77,,193.24,,1.250,,-20.354,
NTL,AIRPORTWOO,20081213,-4.86,,-.909,,-13.288,,0,,2.5,,85.208,,2.818,,2.553,,153.18,,3.740,,-6.978,
NTL,AIRPORTWOO,20081214,-1.122,,3.521,,-8.674,,8.89,,0.7,,93.98,,3.517,,1.391,,145.21,,5.390,,-1.964,
NTL,AIRPORTWOO,20081215,-20.593,,-8.674,,-25.768,,0,,5.1,,76.316,,4.559,,4.301,,261.36,,0.980,,-23.69,
NTL,AIRPORTWOO,20081216,-22.764,,-16.973,,-29.972,,0,,2.5,,79.66,,2,,1.518,,173,,0.840,,-25.326,
NTL,AIRPORTWOO,20081217,-17.517,,-13.96,,-25.646,,0,,4.7,,81.646,,2.243,,1.886,,244.82,,1.290,,-19.927,
NTL,AIRPORTWOO,20081218,-19.201,,-8.878,,-29.216,,0,,6.6,,81.362,,.913,,.415,Q,103.11,,1.250,,-21.618,
NTL,AIRPORTWOO,20081219,-12.259,,-7.944,,-22.439,,0,,3.2,,83.625,,2.819,,2.547,,29.942,,2.070,,-14.479,
NTL,AIRPORTWOO,20081220,-14.518,,-8.35,,-24.624,,0,,3.8,,85.747,,2.165,,1.875,,107.12,,1.880,,-16.379,
NTL,AIRPORTWOO,20081221,-15.541,,-10.646,,-21.03,,0,,3.4,,82.652,,3.192,,2.729,,288.25,,1.570,,-17.822,
NTL,AIRPORTWOO,20081222,-20.652,,-15.242,,-25.81,,0,,6.2,,77.067,,2.273,,1.647,,255.29,,0.930,,-23.668,
NTL,AIRPORTWOO,20081223,-13.043,,-8.41,,-19.745,,0,,3.0,,83.464,,3.647,,3.443,,163.55,,1.960,,-15.257,
NTL,AIRPORTWOO,20081224,-10.262,,-7.984,,-15.404,,0,,1.7,,86.409,,1.759,,1.242,,282.28,,2.480,,-12.101,
NTL,AIRPORTWOO,20081225,-15.48,,-7.944,,-26.484,,0,,6.1,,76.21,,2.955,,2.684,,155.94,,1.490,,-18.829,
NTL,AIRPORTWOO,20081226,-3.252,,2.812,,-9.081,,4.318,,1.3,,92.956,,4.792,,4.641,,145.84,,4.610,,-4.224,
NTL,AIRPORTWOO,20081227,1.604,,4.956,,-2.672,,1.524,,1.4,,95.485,,2.585,,1.43,,219.31,,6.660,,.967,
NTL,AIRPORTWOO,20081228,-6.52,,-2.691,,-12.068,,0,,4.8,,81.614,,3.265,,2.156,,252.02,,3.100,,-9.237,
NTL,AIRPORTWOO,20081229,-8.042,,-3.076,,-14.794,,0,,3.4,,72.416,,3.96,,2.566,,266.24,,2.500,,-12.409,
NTL,AIRPORTWOO,20081230,-12.935,,-10.34,,-15.873,,0,,1.5,,79.262,,2.741,,2.189,,339.36,,1.810,,-15.784,
NTL,AIRPORTWOO,20081231,-16.875,,-11.926,,-22.376,,0,,6.3,,74.822,,2.125,,1.379,,282.1,,1.230,,-20.406,
NTL,AIRPORTWOO,20090101,-10.693,,-6.381,,-17.615,,0,,2.2,,71.851,,4.758,,4.147,,185.91,,2.050,,-14.846,
NTL,AIRPORTWOO,20090102,-14.86,,-8.857,,-20.541,,0,,5.5,,76.215,,2.6,,2.297,,273.99,,1.490,,-18.178,
NTL,AIRPORTWOO,20090103,-9.126,,-6.117,,-14.896,,0,,2.7,,84.004,,4.163,,3.986,,102.44,,2.630,,-11.351,
NTL,AIRPORTWOO,20090104,-10.535,,-5.55,,-22.174,,0,,4.0,,79.662,,3.386,,2.81,,261.41,,2.450,,-13.428,
NTL,AIRPORTWOO,20090105,-18.957,,-8.329,,-26.996,,0,,5.5,,74.123,,1.608,,1.197,,202.27,,1.070,,-22.542,
NTL,AIRPORTWOO,20090106,-13.843,,-4.9,,-22.398,,0,,4.1,,74.506,,1.666,,1.523,,134.52,,1.610,,-17.769,
NTL,AIRPORTWOO,20090107,-8.067,,-5.072,,-15.66,,0,,2.3,,88.77,,1.623,,1.351,,331.22,,3.000,,-9.598,
NTL,AIRPORTWOO,20090108,-13.196,,-6.412,,-24.971,,0,,5.1,,79.181,,2.374,,2.025,,305.3,,1.860,,-16.104,
NTL,AIRPORTWOO,20090109,-16.943,,-10.056,,-24.583,,0,,5.8,,79.61,,1.205,,.797,,13.468,,1.320,,-19.719,
NTL,AIRPORTWOO,20090110,-18.241,,-7.68,,-26.494,,0,,7.1,,79.38,,.722,,.152,Q,197.77,,1.240,,-21.035,
NTL,AIRPORTWOO,20090111,-14.098,,-7.964,,-21.234,,0,,4.2,,81.018,,1.286,,.794,,262.09,,1.730,,-16.695,
NTL,AIRPORTWOO,20090112,-15.47,,-9.68,,-22.439,,0,,2.7,,83.04,,2.073,,1.653,,348.68,,1.630,,-17.71,
NTL,AIRPORTWOO,20090113,-22.087,,-15.72,,-29.226,,0,,7.4,,75.469,,1.975,,1.673,,318.39,,0.820,,-25.331,
NTL,AIRPORTWOO,20090114,-23.207,,-17.177,,-28.734,,0,,7.1,,73.686,,2.312,,1.958,,304.49,,0.720,,-26.665,
NTL,AIRPORTWOO,20090115,-25.572,,-19.826,,-30.454,,0,,7.7,,69.334,,2.683,,2.515,,272.02,,0.530,,-29.67,
NTL,AIRPORTWOO,20090116,-23.268,,-15.69,,-33.855,,0,,7.8,,59.16,Q,2.403,,2.007,,203.18,,0.550,,-29.526,
NTL,AIRPORTWOO,20090117,-16.489,,-13.034,,-20.194,,0,,3.5,,80.456,,3.39,,1.381,,205.81,,1.380,,-19.079,
NTL,AIRPORTWOO,20090118,-12.678,,-8.654,,-18.378,,0,,4.1,,85.545,,1.329,,1.09,,318.85,,2.000,,-14.607,
NTL,AIRPORTWOO,20090119,-12.273,,-10.259,,-17.238,,0,,2.4,,86.695,,1.509,,1.243,,326.26,,2.080,,-14.042,
NTL,AIRPORTWOO,20090120,-10.694,,-8.329,,-12.984,,0,,3.8,,82.006,,2.729,,1.371,,278.27,,2.230,,-13.175,
NTL,AIRPORTWOO,20090121,-9.269,,-7.162,,-11.276,,0,,3.6,,87.974,,2.323,,2.137,,255.44,,2.680,,-10.903,
NTL,AIRPORTWOO,20090122,-7.523,,-6.31,,-8.99,,0,,2.7,,92.337,,1.996,,.928,,133.47,,3.220,,-8.553,
NTL,AIRPORTWOO,20090123,-12.084,,-6.665,,-20.888,,0,,4.8,,81.736,,3.623,,3.151,,309.82,,2.160,,-14.604,
NTL,AIRPORTWOO,20090124,-21.302,,-13.838,,-27.792,,0,,9.1,,66.673,,3.213,,2.986,,249.93,,0.730,,-26.185,
NTL,AIRPORTWOO,20090125,-22.39,,-16.077,,-27.302,,0,,7.4,,66.388,,2.111,,1.955,,261.01,,0.670,,-27.093,
NTL,AIRPORTWOO,20090126,-21.711,,-14.336,,-27.588,,0,,8.3,,63.177,,2.186,,2.023,,256.79,,0.670,,-27.094,
NTL,AIRPORTWOO,20090127,-22.543,,-10.544,,-32.114,,0,,7.3,,64.774,,.933,,.545,,183.25,,0.650,,-27.858,
NTL,AIRPORTWOO,20090128,-17.906,,-9.71,,-28.898,,0,,8.0,,69.343,,1.737,,1.466,,188.29,,1.130,,-22.395,
NTL,AIRPORTWOO,20090129,-12.922,,-9.548,,-18.451,,0,,3.8,,80.541,,2.106,,1.824,,284.86,,1.840,,-15.604,
NTL,AIRPORTWOO,20090130,-17.669,,-11.844,,-26.096,,0,,8.4,,73.335,,1.886,,1.444,,256.29,,1.130,,-21.462,
NTL,AIRPORTWOO,20090131,-6.347,,1.478,,-14.398,,.254,,3.5,,85.267,,3.357,,2.61,,201.57,,3.380,,-8.514,
NTL,AIRPORTWOO,20090201,-2.907,,.154,,-6.766,,0,,6.2,,63.292,,5.287,,4.812,,263.46,,3.100,,-9.044,
NTL,AIRPORTWOO,20090202,-12.229,,-6.685,,-15.904,,0,,8.1,,76.494,,3.343,,2.24,,297.37,,1.890,,-15.574,
NTL,AIRPORTWOO,20090203,-17.945,,-15.16,,-24.848,,0,,7.0,,76.785,,4.584,,4.384,,353.54,,1.160,,-21.075,
NTL,AIRPORTWOO,20090204,-20.229,,-10.056,,-28.335,,0,,10.4,,72.856,,1.038,,.209,Q,219.75,,0.940,,-24.02,
NTL,AIRPORTWOO,20090205,-11.931,,-3.097,,-17.299,,0,,9.0,,66.827,,2.857,,2.459,,190.31,,1.650,,-17.062,
NTL,AIRPORTWOO,20090206,-7.133,,2.925,,-19.848,,.762,,8.9,,72.649,,3.331,,3.181,,157.2,,2.880,,-11.504,
NTL,AIRPORTWOO,20090207,-.037,,3.298,,-4.374,,0,,2.5,,85.57,,3.644,,1.886,,275.83,,5.260,,-2.194,
NTL,AIRPORTWOO,20090208,-4.569,,2.408,,-11.021,,0,,10.6,,76.49,,1.955,,1.713,,227.05,,3.290,,-8.348,
NTL,AIRPORTWOO,20090209,-1.878,,2.57,,-10.746,,1.016,,2.0,,85.614,,3.833,,3.709,,126.59,,4.730,,-4.054,
NTL,AIRPORTWOO,20090210,3.447,,5.935,,1.5,,.508,,1.3,,86.543,,6.34,,5.358,,191.62,,6.790,,1.387,
NTL,AIRPORTWOO,20090211,.257,,1.478,,-.514,,0,,1.7,,92.179,,2.022,,1.451,,267.65,,5.730,,-.866,
NTL,AIRPORTWOO,20090212,-2.426,,-.403,,-4.778,,0,,2.1,,88.253,,3.464,,3.294,,266.22,,4.540,,-4.124,
NTL,AIRPORTWOO,20090213,-4.698,,-2.073,,-6.422,,0,,3.8,,83.358,,1.668,,1.291,,275.3,,3.590,,-7.118,
NTL,AIRPORTWOO,20090214,-9.358,,-6.422,,-17.798,,0,,6.7,,82.696,,1.897,,1.64,,303.33,,2.530,,-11.809,
NTL,AIRPORTWOO,20090215,-11.902,,-6.574,,-19.562,,0,,9.8,,73.563,,1.878,,1.576,,329.22,,1.800,,-15.88,
NTL,AIRPORTWOO,20090216,-10.743,,-3.005,,-22.766,,0,,6.9,,63.859,,2.578,,2.402,,185.47,,1.770,,-16.79,
NTL,AIRPORTWOO,20090217,-2.516,,1.59,,-5.631,,0,,7.6,,70.386,,2.502,,2.267,,155.79,,3.620,,-7.263,
NTL,AIRPORTWOO,20090218,-10.713,,-2.245,,-16.728,,0,,7.6,,81.066,,5.405,,5.223,,348.81,,2.410,,-13.339,
NTL,AIRPORTWOO,20090219,-14.374,,-10.38,,-16.962,,0,,11.4,,67.712,,3.603,,3.261,,315.11,,1.350,,-19.168,
NTL,AIRPORTWOO,20090220,-13.093,,-4.758,,-22.694,,0,,11.4,,64.44,,1.048,,.817,,157.9,,1.440,,-18.823,
NTL,AIRPORTWOO,20090221,-9.777,,-7.092,,-11.6,,0,,5.5,,81.203,,2.551,,2.338,,350.66,,2.380,,-12.429,
NTL,AIRPORTWOO,20090222,-13.554,,-8.573,,-22.52,,0,,10.3,,80.055,,2.254,,1.975,,315.24,,1.750,,-16.34,
NTL,AIRPORTWOO,20090223,-15.013,,-5.61,,-26.341,,.254,,13.5,,65.444,,1.299,,.669,,162.05,,1.280,,-20.417,
NTL,AIRPORTWOO,20090224,-5.962,,.952,,-12.576,,0,,11.4,,66.385,,4.067,,3.96,,165.67,,2.680,,-11.326,
NTL,AIRPORTWOO,20090225,-2.067,,1.398,,-6.096,,1.778,,3.5,,83.747,,3.305,,1.243,,251.22,,4.460,,-4.47,
NTL,AIRPORTWOO,20090226,-7.553,,-3.097,,-15.018,,0,,3.8,,83.978,,4.235,,3.577,,24.329,,2.980,,-9.802,
NTL,AIRPORTWOO,20090227,-18.454,,-14.082,,-25.176,,0,,13.7,,69.294,,4.995,,4.846,,.377,,0.990,,-22.846,
