!LTER_Site,Station,Date,Daily_airtemp_mean_c,flag_Daily_airtemp_mean_c,Daily_airtemp_absmin_c,\
#flag_Daily_airtemp_absmin_c,Daily_airtemp_absmax_c,flag_Daily_airtemp_absmax_c,\
#Daily_dewpoint_mean_c,flag_Daily_dewpoint_mean_c,\
#Daily_rh_mean_pct,flag_Daily_rh_mean_pct,Daily_precip_total_mm,flag_Daily_precip_total_mm
SER,LIN6891648,20070411,18.44,,17.14,,22.48,,17.41,,93.95,,2.5, 
SER,LIN6891648,20070412,18.81,,16.76,,22.48,,16.71,,88.18,,0, 
SER,LIN6891648,20070413,20.09,,15.62,,26.34,,16.47,,81.57,,0, 
SER,LIN6891648,20070414,21.15,,17.52,,25.56,,17.37,,80.08,,0, 
SER,LIN6891648,20070415,20.86,,18.28,,25.56,,18.28,,86.15,,1, 
SER,LIN6891648,20070416,22.13,,17.9,,27.91,,18.54,,81.89,,0, 
SER,LIN6891648,20070417,22.08,,17.9,,25.95,,18.18,,79.34,,0, 
SER,LIN6891648,20070418,20.09,,16.76,,23.24,,18.2,,89.29,,61, 
SER,LIN6891648,20070419,19.23,,14.85,,25.17,,15.25,,79.55,,0, 
SER,LIN6891648,20070420,19.87,,14.09,,26.73,,15.84,,79.27,,0, 
SER,LIN6891648,20070421,21.91,,17.9,,27.12,,19.24,,85.55,,1, 
SER,LIN6891648,20070422,23.08,,18.28,,29.5,,19.19,,80.51,,0, 
SER,LIN6891648,20070423,23.1,,19.81,,28.7,,18.83,,77.77,,0, 
SER,LIN6891648,20070424,22.45,,19.04,,27.91,,19.04,,81.84,,4, 
SER,LIN6891648,20070425,21.98,,19.04,,26.34,,19.41,,85.6,,0, 
SER,LIN6891648,20070426,20.39,,19.42,,22.09,,19.66,,95.62,,0, 
SER,LIN6891648,20070427,22.86,,19.04,,28.31,,19.62,,83.36,,0, 
SER,LIN6891648,20070428,22.95,,19.04,,28.31,,19.72,,83.23,,0, 
SER,LIN6891648,20070429,21.73,,19.42,,24.01,,19.87,,89.46,,0, 
SER,LIN6891648,20070430,23.28,,19.42,,28.7,,20.22,,84.21,,8, 
SER,LIN6891648,20070501,21.33,,19.42,,24.79,,19,,86.85,,1, 
SER,LIN6891648,20070502,21.87,,17.9,,27.12,,18.5,,81.99,,0, 
SER,LIN6891648,20070503,22.28,,18.28,,27.91,,18.49,,80.44,,0, 
SER,LIN6891648,20070504,21.96,,18.28,,26.34,,17.95,,79.34,,0, 
SER,LIN6891648,20070505,21.61,,19.04,,25.17,,19.47,,87.89,,20.5, 
SER,LIN6891648,20070506,20.94,,18.28,,24.79,,19.33,,90.92,,1.5, 
SER,LIN6891648,20070507,21.33,,17.52,,27.52,,18.14,,83.5,,0.5, 
SER,LIN6891648,20070508,20.78 ,,16.38,,27.12,,16.69,,79.31,,0, 
SER,LIN6891648,20070509,21.33 ,,16,,28.31,,15.67,,73.03,,0, 
SER,LIN6891648,20070510,22.20 ,,17.14,,28.7,,17.24,,75.4,,0, 
SER,LIN6891648,20070511,21.94 ,,17.52,,28.31,,18.08,,79.88,,0, 
SER,LIN6891648,20070512,22.16 ,,17.9,,27.91,,18.74,,82.06,,0, 
SER,LIN6891648,20070513,22.18 ,,18.28,,27.12,,19.52,,86.02,,9, 
SER,LIN6891648,20070514,22.77 ,,18.28,,27.52,,19.76,,84.3,,0, 
SER,LIN6891648,20070515,23.70 ,,19.81,,28.31,,20.49,,83.33,,0, 
SER,LIN6891648,20070516,23.76 ,,19.42,,29.5,,20.17,,81.87,,0, 
SER,LIN6891648,20070517,23.00 ,,20.19,,27.12,,21.16,,89.68,,2.5, 
SER,LIN6891648,20070518,23.06 ,,19.04,,26.73,,20.72,,87.32,,0, 
SER,LIN6891648,20070519,21.39 ,,19.81,,25.56,,20.36,,94.11,,129, 
SER,LIN6891648,20070520,20.12 ,,17.9,,22.86,,19.82,,98.18,,77, 
SER,LIN6891648,20070521,21.93 ,,19.04,,26.34,,20.64,,92.83,,3, 
SER,LIN6891648,20070522,21.82 ,,19.04,,26.73,,20.81,,94.28,,38, 
SER,LIN6891648,20070523,22.55 ,,19.81,,27.52,,21.45,,93.9,,5, 
SER,LIN6891648,20070524,24.60 ,,21.33,,30.71,,21.6,,84.66,,0, 
SER,LIN6891648,20070525,25.07 ,,21.33,,29.9,,21.45,,81.5,,0, 
SER,LIN6891648,20070526,24.87 ,,19.81,,31.12,,21.65,,83.51,,0, 
SER,LIN6891648,20070527,24.88 ,,20.57,,30.71,,21.85,,84.35,,75.5, 
SER,LIN6891648,20070528,22.76 ,,20.57,,29.1,,21.49,,93.18,,57.5, 
SER,LIN6891648,20070529,23.67 ,,20.19,,29.1,,21.58,,88.78,,4.5, 
SER,LIN6891648,20070530,23.46 ,,20.95,,29.9,,22.03,,92.15,,3, 
SER,LIN6891648,20070531,23.70 ,,19.81,,30.31,,21.73,,89.64,,7.5, 
SER,LIN6891648,20070601,23.39 ,,20.57,,29.5,,21.98,,92.53,,39.5, 
SER,LIN6891648,20070602,24.22 ,,20.19,,30.31,,21.85,,87.42,,0.5, 
SER,LIN6891648,20070603,23.71 ,,20.57,,29.1,,21.97,,90.76,,13.5, 
SER,LIN6891648,20070604,23.58 ,,21.33,,28.31,,21.85,,90.59,,2.5, 
SER,LIN6891648,20070605,23.00 ,,20.19,,27.52,,21.57,,91.97,,12.5, 
SER,LIN6891648,20070606,22.50 ,,20.57,,25.17,,21.81,,95.89,,10, 
SER,LIN6891648,20070607,21.62 ,,19.81,,25.95,,20.95,,96.11,,70, 
SER,LIN6891648,20070608,21.32 ,,19.81,,23.63,,20.86,,97.23,,88, 
SER,LIN6891648,20070609,21.23 ,,20.19,,23.63,,20.33,,94.75,,48.5, 
SER,LIN6891648,20070610,23.16 ,,20.19,,28.31,,20.66,,86.29,,11, 
SER,LIN6891648,20070611,22.35 ,,20.57,,25.56,,20.87,,91.64,,32.5, 
SER,LIN6891648,20070612,21.59 ,,20.57,,23.63,,20.99,,96.44,,73.5, 
SER,LIN6891648,20070613,23.37 ,,20.57,,27.91,,21.32,,88.58,,1.5, 
SER,LIN6891648,20070614,24.78 ,,20.57,,30.31,,21.57,,83.27,,0, 
SER,LIN6891648,20070615,22.31 ,,20.19,,27.91,,20.92,,92.37,,20, 
SER,LIN6891648,20070616,24.32 ,,19.81,,29.1,,21.59,,85.57,,0, 
SER,LIN6891648,20070617,24.03 ,,21.33,,29.1,,21.7,,87.38,,0, 
SER,LIN6891648,20070618,24.47 ,,20.57,,29.5,,22.08,,87.24,,0, 
SER,LIN6891648,20070619,24.21 ,,21.33,,29.5,,22.51,,90.8,,0, 
SER,LIN6891648,20070620,23.29 ,,20.57,,28.31,,21.8,,91.83,,38, 
SER,LIN6891648,20070621,24.11 ,,19.81,,29.5,,21.69,,87.24,,0, 
SER,LIN6891648,20070622,24.02 ,,21.33,,28.7,,22.48,,91.66,,1.5, 
SER,LIN6891648,20070623,24.68 ,,21.33,,29.5,,22.73,,89.49,,0, 
SER,LIN6891648,20070624,25.41 ,,21.33,,31.12,,22.94,,86.94,,0, 
SER,LIN6891648,20070625,23.30 ,,20.95,,26.73,,22.23,,93.84,,16, 
SER,LIN6891648,20070626,22.87 ,,20.57,,26.73,,21.92,,94.6,,38, 
SER,LIN6891648,20070627,23.60 ,,20.57,,27.52,,22.25,,92.5,,2, 
SER,LIN6891648,20070628,23.42 ,,20.57,,29.1,,22.13,,92.98,,19.5, 
SER,LIN6891648,20070629,24.47 ,,20.95,,29.5,,22.56,,89.75,,0, 
SER,LIN6891648,20070630,25.16 ,,20.57,,31.12,,21.98,,83.84,,0, 
SER,LIN6891648,20070701,25.13 ,,20.95,,31.52,,22.05,,84.14,,0, 
SER,LIN6891648,20070702,24.92 ,,20.57,,31.93,,21.64,,83.43,,7.5, 
SER,LIN6891648,20070703,24.32 ,,20.57,,30.71,,22.2,,89.04,,97, 
SER,LIN6891648,20070704,24.42 ,,20.95,,31.52,,21.89,,87.25,,28, 
SER,LIN6891648,20070705,24.50 ,,20.57,,29.5,,21.86,,86.15,,0, 
SER,LIN6891648,20070706,24.85 ,,20.19,,30.31,,22.23,,86.23,,0, 
SER,LIN6891648,20070707,25.64 ,,20.95,,32.76,,22.53,,84.39,,0, 
SER,LIN6891648,20070708,25.41 ,,22.09,,29.9,,22.14,,83.17,,0, 
SER,LIN6891648,20070709,24.30 ,,21.33,,29.5,,22.05,,88.39,,15.5, 
SER,LIN6891648,20070710,25.11 ,,21.71,,30.31,,23.25,,90.1,,1, 
SER,LIN6891648,20070711,24.50 ,,22.48,,28.31,,23.21,,92.92,,0.5, 
SER,LIN6891648,20070712,24.36 ,,22.09,,28.31,,22.96,,92.32,,1, 
SER,LIN6891648,20070713,24.76 ,,22.09,,28.7,,22.66,,88.66,,0, 
SER,LIN6891648,20070714,24.75 ,,21.71,,29.9,,22.52,,88.39,,15.5, 
SER,LIN6891648,20070715,22.97 ,,22.09,,25.95,,22.63,,97.98,,31, 
SER,LIN6891648,20070716,24.26 ,,21.71,,29.5,,22.58,,90.94,,7.5, 
SER,LIN6891648,20070717,23.90 ,,22.09,,27.52,,22.54,,92.2,,2, 
SER,LIN6891648,20070718,24.75 ,,22.09,,28.7,,22.36,,87.04,,0, 
SER,LIN6891648,20070719,25.36 ,,22.09,,30.31,,22.54,,85.31,,0, 
SER,LIN6891648,20070720,25.15 ,,21.33,,29.9,,22.39,,86.28,,0, 
SER,LIN6891648,20070721,25.80 ,,21.71,,30.71,,22.97,,85.19,, , 
SER,LIN6891648,20070722,25.92 ,,22.48,,30.71,,23.27,,86.22,, , 
SER,LIN6891648,20070723,25.37 ,,22.09,,30.71,,22.68,,85.86,, , 
SER,LIN6891648,20070724,23.68 ,,19.81,,30.71,,21.2,,86.77,, , 
SER,LIN6891648,20070725,23.96 ,,19.81,,29.9,,21.07,,84.72,, , 
SER,LIN6891648,20070726,24.52 ,,21.33,,29.9,,22.11,,87.13,, , 
SER,LIN6891648,20070727,24.20 ,,20.95,,30.31,,21.37,,85.04,, , 
SER,LIN6891648,20070728,24.99 ,,20.95,,30.31,,21.75,,83.48,, , 
SER,LIN6891648,20070729,23.37 ,,19.81,,29.1,,21.3,,88.88,, , 
SER,LIN6891648,20070730,23.28 ,,20.19,,29.1,,21.07,,88.14,, , 
SER,LIN6891648,20070731,23.90 ,,20.19,,29.5,,21.58,,87.95,, , 
SER,LIN6891648,20070801,23.87 ,,20.57,,29.9,,22.36,,92.04,, , 
SER,LIN6891648,20070802,24.15 ,,20.95,,30.31,,22.58,,91.63,, , 
SER,LIN6891648,20070803,24.37 ,,21.33,,28.7,,22.34,,89.08,, , 
SER,LIN6891648,20070804,23.18 ,,20.19,,29.9,,21.36,,90.2,, , 
SER,LIN6891648,20070805,23.99 ,,20.19,,29.5,,21.24,,85.65,, , 
SER,LIN6891648,20070806,24.32 ,,20.95,,29.5,,21.93,,87.31,, , 
SER,LIN6891648,20070807,24.15 ,,21.71,,27.91,,22.52,,91.18,, , 
SER,LIN6891648,20070808,23.84 ,,21.33,,29.5,,22.86,,94.7,, , 
SER,LIN6891648,20070809,22.43 ,,21.33,,24.4,,22.34,,99.56,, , 
SER,LIN6891648,20070810,22.37 ,,21.33,,25.17,,22.06,,98.33,, , 
SER,LIN6891648,20070811,22.67 ,,21.33,,23.63,,22.42,,98.5,, , 
SER,LIN6891648,20070812,23.22 ,,22.09,,24.01,,22.52,,95.89,, , 
SER,LIN6891648,20070813,22.14 ,,20.95,,23.63,,22.09,,99.93,, , 
SER,LIN6891648,20070814,22.26 ,,20.57,,24.79,,21.88,,97.92,, , 
SER,LIN6891648,20070815,22.01 ,,20.57,,24.4,,21.33,,96.03,, , 
SER,LIN6891648,20070816,24.37 ,,20.19,,30.71,,22.34,,89.37,, , 
SER,LIN6891648,20070817,23.20 ,,21.33,,27.52,,22.53,,96.28,, , 
SER,LIN6891648,20070818,22.20 ,,21.33,,23.63,,22.01,,98.98,, , 
SER,LIN6891648,20070819,22.19 ,,21.33,,22.86,,21.99,,98.78,, , 
SER,LIN6891648,20070820,21.79 ,,20.95,,22.86,,21.64,,99.11,, , 
SER,LIN6891648,20070821,21.30 ,,20.19,,22.86,,21.06,,98.64,, , 
SER,LIN6891648,20070822,21.54 ,,19.81,,25.17,,20.86,,96.01,, , 
SER,LIN6891648,20070823,22.71 ,,20.57,,27.52,,21.34,,92.44,, , 
SER,LIN6891648,20070824,22.23 ,,19.81,,26.73,,21.26,,94.55,, , 
SER,LIN6891648,20070825,22.74 ,,19.42,,27.52,,21.61,,93.68,, , 
SER,LIN6891648,20070826,22.49 ,,21.33,,25.17,,21.85,,96.19,, , 
SER,LIN6891648,20070827,24.03 ,,20.95,,28.7,,22.35,,90.94,, , 
SER,LIN6891648,20070828,22.92 ,,19.42,,29.1,,21.41,,91.69,, , 
SER,LIN6891648,20070829,22.15 ,,19.42,,28.7,,20.62,,91.51,, , 
SER,LIN6891648,20070830,22.19 ,,19.42,,28.7,,20.77,,92.43,, , 
SER,LIN6891648,20070831,21.73 ,,19.04,,28.31,,20.66,,94.16,, , 
SER,LIN6891648,20070901,22.01 ,,18.66,,29.1,,20.43,,91.6,, , 
SER,LIN6891648,20070902,21.99 ,,19.04,,27.12,,20.59,,92.27,, , 
SER,LIN6891648,20070903,23.11 ,,19.42,,28.7,,20.6,,86.86,, , 
SER,LIN6891648,20070904,22.54 ,,20.57,,27.91,,21.36,,93.45,, , 
SER,LIN6891648,20070905,22.62 ,,20.19,,25.95,,21.5,,93.76,, , 
SER,LIN6891648,20070906,22.42 ,,20.19,,26.34,,21.61,,95.62,, , 
SER,LIN6891648,20070907,22.66 ,,20.57,,25.95,,22.07,,96.7,, , 
SER,LIN6891648,20070908,23.03 ,,20.57,,26.73,,22.09,,94.86,, , 
SER,LIN6891648,20070909,22.99 ,,20.57,,26.73,,22.4,,96.83,, , 
SER,LIN6891648,20070910,23.01 ,,21.33,,27.91,,22.36,,96.42,, , 
SER,LIN6891648,20070911,22.87 ,,21.33,,26.34,,22.37,,97.4,, , 
SER,LIN6891648,20070912,22.65 ,,20.57,,27.12,,21.91,,96.11,, , 
SER,LIN6891648,20070913,22.89 ,,20.19,,27.52,,22.07,,95.46,, , 
SER,LIN6891648,20070914,22.72 ,,20.19,,27.12,,21.91,,95.44,, , 
SER,LIN6891648,20070915,24.04 ,,21.71,,27.91,,22.6,,92.14,, , 
SER,LIN6891648,20070916,23.62 ,,21.71,,28.31,,22.53,,94.06,, , 
SER,LIN6891648,20070917,23.14 ,,20.57,,26.34,,22.09,,94.16,, , 
SER,LIN6891648,20070918,21.28 ,,20.19,,22.09,,21.09,,98.95,, , 
SER,LIN6891648,20070919,22.16 ,,20.19,,25.17,,21.35,,95.38,, , 
SER,LIN6891648,20070920,23.30 ,,20.19,,28.31,,21.47,,90.15,, , 
SER,LIN6891648,20070921,22.90 ,,19.81,,29.1,,21.78,,93.93,, , 
SER,LIN6891648,20070922,23.13 ,,21.33,,26.73,,22.68,,97.53,, , 
SER,LIN6891648,20070923,23.31 ,,20.95,,27.52,,22.69,,96.63,, , 
SER,LIN6891648,20070924,23.01 ,,20.95,,29.1,,22.32,,96.32,, , 
SER,LIN6891648,20070925,22.39 ,,19.81,,26.34,,21.61,,95.76,, , 
SER,LIN6891648,20070926,23.35 ,,20.19,,28.7,,22.38,,94.79,, , 
SER,LIN6891648,20070927,23.73 ,,20.57,,28.7,,22.32,,92.33,, , 
SER,LIN6891648,20070928,23.62 ,,19.81,,29.5,,21.82,,90.59,, , 
SER,LIN6891648,20070929,24.28 ,,20.57,,30.71,,22.36,,89.6,, , 
SER,LIN6891648,20070930,24.27 ,,20.95,,29.1,,21.6,,85.62,, , 
SER,LIN6891648,20071001,23.53 ,,20.57,,27.91,,21.58,,89.06,, , 
SER,LIN6891648,20071002,23.40 ,,19.81,,29.5,,21.4,,89.13,, , 
SER,LIN6891648,20071003,23.73 ,,20.57,,29.5,,21.77,,89.63,, , 
SER,LIN6891648,20071004,23.48 ,,20.19,,29.1,,21.65,,90.36,, , 
SER,LIN6891648,20071005,22.04 ,,20.19,,25.17,,21.29,,95.67,, , 
SER,LIN6891648,20071006,21.03 ,,20.19,,22.48,,20.77,,98.55,, , 
SER,LIN6891648,20071007,21.16 ,,20.19,,22.48,,20.84,,98.32,, , 
SER,LIN6891648,20071008,21.43 ,,20.57,,22.86,,21.08,,97.96,, , 
SER,LIN6891648,20071009,22.42 ,,19.81,,26.34,,21.48,,94.8,, , 
SER,LIN6891648,20071010,21.66 ,,19.04,,25.56,,20.81,,95.11,, , 
SER,LIN6891648,20071011,21.42 ,,19.42,,25.95,,20.88,,97.06,, , 
SER,LIN6891648,20071012,20.85 ,,18.66,,24.4,,20.3,,96.91,, , 
SER,LIN6891648,20071013,21.87 ,,18.66,,27.12,,20.71,,93.53,, , 
SER,LIN6891648,20071014,21.38 ,,18.66,,27.91,,20.24,,93.96,, , 
SER,LIN6891648,20071015,21.23 ,,19.04,,25.95,,20.48,,95.97,, , 
SER,LIN6891648,20071016,21.03 ,,19.42,,24.79,,20.04,,94.42,, , 
SER,LIN6891648,20071017,20.27 ,,18.66,,23.63,,19.28,,94.2,, , 
SER,LIN6891648,20071018,20.16 ,,17.14,,24.79,,19.19,,94.55,, , 
SER,LIN6891648,20071019,20.71 ,,17.9,,24.79,,19.25,,91.71,, , 
SER,LIN6891648,20071020,19.67 ,,17.9,,24.01,,18.64,,94.14,, , 
SER,LIN6891648,20071021,19.55 ,,17.14,,24.01,,18.32,,93.18,, , 
SER,LIN6891648,20071022,19.70 ,,16.76,,24.79,,18.46,,93.29,, , 
SER,LIN6891648,20071023,20.23 ,,16.76,,24.79,,18.84,,92.29,, , 
SER,LIN6891648,20071024,20.67 ,,16,,26.73,,17.84,,85.45,, , 
SER,LIN6891648,20071025,21.84 ,,18.28,,26.73,,20.36,,92.13,, , 
SER,LIN6891648,20071026,21.45 ,,18.28,,25.56,,20.33,,93.78,, , 
SER,LIN6891648,20071027,21.74 ,,19.42,,25.95,,20.14,,91.25,, , 
SER,LIN6891648,20071028,19.85 ,,17.52,,22.86,,18.43,,92.11,, , 
SER,LIN6891648,20071029,20.47 ,,16.38,,26.34,,17.74,,85.54,, , 
SER,LIN6891648,20071030,21.75 ,,17.9,,27.12,,19.66,,88.54,, , 
SER,LIN6891648,20071031,22.22 ,,19.04,,27.12,,20.99,,93.25,, , 
SER,LIN6891648,20071101,21.98 ,,19.42,,24.79,,21.28,,95.98,, , 
SER,LIN6891648,20071102,19.94 ,,18.66,,22.09,,19.8,,99.72,, , 
SER,LIN6891648,20071103,19.80 ,,18.28,,22.86,,18.82,,94.43,, , 
SER,LIN6891648,20071104,19.54 ,,16.38,,24.01,,18.5,,94.2,, , 
SER,LIN6891648,20071105,19.94 ,,17.9,,22.48,,19.06,,94.85,, , 
SER,LIN6891648,20071106,20.20 ,,18.66,,22.86,,19.62,,96.56,, , 
SER,LIN6891648,20071107,20.84 ,,18.66,,24.79,,20.12,,96,, , 
SER,LIN6891648,20071108,21.28 ,,19.04,,25.17,,20.21,,94.17,, , 
SER,LIN6891648,20071109,21.38 ,,18.66,,25.95,,20.53,,95.37,, , 
SER,LIN6891648,20071110,20.71 ,,19.04,,22.48,,20.2,,97.04,, , 
SER,LIN6891648,20071111,20.28 ,,18.28,,24.4,,19.22,,93.87,, , 
SER,LIN6891648,20071112,18.89 ,,16.38,,24.01,,17.4,,91.65,, , 
SER,LIN6891648,20071113,17.96 ,,13.7,,23.63,,15.95,,89.08,, , 
SER,LIN6891648,20071114,17.98 ,,15.23,,21.71,,16.62,,92.23,, , 
SER,LIN6891648,20071115,18.84 ,,15.62,,24.79,,16.56,,88.1,, , 
SER,LIN6891648,20071116,19.01 ,,15.23,,25.56,,16.52,,87.03,, , 
SER,LIN6891648,20071117,19.40 ,,16,,24.4,,17.73,,90.67,, , 
SER,LIN6891648,20071118,19.54 ,,16.38,,23.24,,18.25,,92.82,, , 
SER,LIN6891648,20071119,19.34 ,,15.62,,24.79,,17.95,,92.15,, , 
SER,LIN6891648,20071120,18.56 ,,14.85,,25.17,,16.42,,88.82,, , 
SER,LIN6891648,20071121,19.42 ,,16,,25.95,,17.85,,91.61,, , 
SER,LIN6891648,20071122,18.52 ,,15.62,,23.63,,17.13,,92.21,, , 
SER,LIN6891648,20071123,17.60 ,,14.85,,22.48,,16.35,,93.01,, , 
SER,LIN6891648,20071124,18.22 ,,14.47,,24.79,,15.7,,86.7,, , 
SER,LIN6891648,20071125,19.48 ,,15.62,,25.95,,16.88,,86.29,, , 
SER,LIN6891648,20071126,19.52 ,,18.66,,21.33,,19.12,,97.89,, , 
SER,LIN6891648,20071127,17.69 ,,16,,20.57,,17.69,,101.44,, , 
SER,LIN6891648,20071128,14.80 ,,13.7,,16,,14.8,,102.62,, , 
SER,LIN6891648,20071129,14.09 ,,11.38,,18.66,,13.27,,96.01,, , 
SER,LIN6891648,20071130,13.73 ,,10.21,,19.42,,11.94,,90.31,, , 
SER,LIN6891648,20071201,14.05 ,,10.6,,20.57,,11.19,,85.13,, , 
SER,LIN6891648,20071202,15.90 ,,11.38,,24.4,,10.44,,73.68,, , 
SER,LIN6891648,20071203,15.70 ,,12.16,,23.24,,11.97,,80.83,, , 
SER,LIN6891648,20071204,16.45 ,,12.55,,22.48,,13.56,,84.29,, , 
SER,LIN6891648,20071205,17.28 ,,14.09,,20.95,,15.69,,90.83,, , 
SER,LIN6891648,20071206,17.73 ,,15.23,,22.48,,15.95,,90.23,, , 
SER,LIN6891648,20071207,17.15 ,,14.47,,23.24,,14.38,,85.2,, , 
SER,LIN6891648,20071208,16.08 ,,12.93,,20.57,,14.24,,89.64,, , 
SER,LIN6891648,20071209,16.11 ,,12.16,,22.86,,12.98,,83.3,, , 
SER,LIN6891648,20071210,18.04 ,,14.47,,24.4,,14.62,,82.16,, , 
SER,LIN6891648,20071211,18.24 ,,14.85,,24.79,,14.43,,80.53,, , 
SER,LIN6891648,20071212,19.39 ,,17.52,,24.01,,17.87,,91.2,, , 
SER,LIN6891648,20071213,19.93 ,,17.14 ,,24.01 ,,18.27 ,,90.74 ,, , 
SER,LIN6891648,20071214,18.16 ,,16.00 ,,22.09 ,,16.84 ,,92.44 ,, , 
SER,LIN6891648,20071215,17.67 ,,14.85 ,,22.86 ,,15.82 ,,89.86 ,, , 
SER,LIN6891648,20071216,18.10 ,,14.85 ,,23.24 ,,15.28 ,,84.50 ,, , 
SER,LIN6891648,20071217,18.77 ,,15.62 ,,24.01 ,,16.50 ,,87.74 ,, , 
SER,LIN6891648,20071218,18.05 ,,15.62 ,,21.33 ,,16.59 ,,91.49 ,,32.5, 
SER,LIN6891648,20071219,18.88 ,,16.00 ,,24.40 ,,15.78 ,,83.45 ,,0, 
SER,LIN6891648,20071220,17.17 ,,14.47 ,,20.57 ,,15.80 ,,91.99 ,,0, 
SER,LIN6891648,20071221,19.24 ,,16.38 ,,24.79 ,,16.69 ,,86.29 ,,0, 
SER,LIN6891648,20071222,19.36 ,,16.00 ,,25.56 ,,16.90 ,,86.71 ,,0, 
SER,LIN6891648,20071223,19.50 ,,16.38 ,,25.17 ,,16.85 ,,86.30 ,,0, 
SER,LIN6891648,20071224,18.14 ,,16.00 ,,22.48 ,,16.88 ,,92.83 ,,0, 
SER,LIN6891648,20071225,17.36 ,,15.23 ,,20.57 ,,16.30 ,,93.72 ,,0, 
SER,LIN6891648,20071226,16.86 ,,14.09 ,,21.33 ,,14.98 ,,89.32 ,,0, 
SER,LIN6891648,20071227,16.66 ,,13.70 ,,22.48 ,,14.09 ,,86.04 ,,0, 
SER,LIN6891648,20071228,16.93 ,,13.70 ,,24.01 ,,13.71 ,,83.48 ,,0, 
SER,LIN6891648,20071229,16.63 ,,13.70 ,,22.48 ,,13.19 ,,82.13 ,,0, 
SER,LIN6891648,20071230,14.42 ,,12.93 ,,17.52 ,,13.43 ,,94.05 ,,0, 
SER,LIN6891648,20071231,13.52 ,,11.38 ,,16.00 ,,12.10 ,,91.42 ,,0, 
SER,LIN6891648,20080101,12.57 ,,9.82 ,,16.00 ,,10.80 ,,89.51 ,,0, 
SER,LIN6891648,20080102,12.16 ,,9.82 ,,17.14 ,,9.85 ,,86.59 ,,0, 
SER,LIN6891648,20080103,12.84 ,,9.42 ,,18.28 ,,10.01 ,,84.34 ,,0, 
SER,LIN6891648,20080104,13.28 ,,10.21 ,,17.90 ,,11.08 ,,87.39 ,,0, 
SER,LIN6891648,20080105,15.29 ,,10.99 ,,22.48 ,,10.43 ,,75.14 ,,0, 
SER,LIN6891648,20080106,17.62 ,,12.93 ,,22.86 ,,13.06 ,,75.61 ,,0, 
SER,LIN6891648,20080107,18.71 ,,15.62 ,,23.63 ,,15.99 ,,85.07 ,,0, 
SER,LIN6891648,20080108,18.62 ,,15.62 ,,23.24 ,,16.45 ,,87.99 ,,0, 
SER,LIN6891648,20080109,18.51 ,,15.62 ,,22.86 ,,16.38 ,,88.27 ,,0, 
SER,LIN6891648,20080110,18.60 ,,16.00 ,,22.86 ,,16.97 ,,90.71 ,,0, 
SER,LIN6891648,20080111,19.42 ,,15.62 ,,25.95 ,,16.29 ,,83.85 ,,0, 
SER,LIN6891648,20080112,20.68 ,,17.90 ,,25.17 ,,18.41 ,,87.69 ,,0, 
SER,LIN6891648,20080113,18.49 ,,17.52 ,,21.33 ,,17.92 ,,97.21 ,,0, 
SER,LIN6891648,20080114,16.53 ,,15.62 ,,17.52 ,,16.53 ,,100.00 ,,3.5, 
SER,LIN6891648,20080115,16.91 ,,15.62 ,,19.42 ,,16.73 ,,100.00 ,,0, 
SER,LIN6891648,20080116,15.63 ,,13.70 ,,16.76 ,,15.63 ,,100.00 ,,7, 
SER,LIN6891648,20080117,14.01 ,,12.55 ,,16.38 ,,13.98 ,,100.00 ,,2.5, 
SER,LIN6891648,20080118,15.11 ,,12.55 ,,19.42 ,,13.81 ,,92.61 ,,0, 
SER,LIN6891648,20080119,15.96 ,,11.77 ,,23.63 ,,13.46 ,,87.55 ,,0, 
SER,LIN6891648,20080120,18.12 ,,13.70 ,,24.40 ,,15.05 ,,84.12 ,,0, 
SER,LIN6891648,20080121,19.41 ,,16.38 ,,25.17 ,,16.20 ,,83.12 ,,0, 
SER,LIN6891648,20080122,18.64 ,,16.38 ,,23.24 ,,16.76 ,,89.73 ,,0, 
SER,LIN6891648,20080123,18.91 ,,17.14 ,,22.48 ,,17.81 ,,93.68 ,,0, 
SER,LIN6891648,20080124,16.27 ,,14.47 ,,17.90 ,,16.27 ,,100.00 ,,0, 
SER,LIN6891648,20080125,15.21 ,,14.09 ,,17.14 ,,15.08 ,,100.00 ,,2.5, 
SER,LIN6891648,20080126,16.36 ,,14.85 ,,18.66 ,,16.36 ,,100.00 ,,18.5, 
SER,LIN6891648,20080127,17.58 ,,16.38 ,,19.81 ,,17.47 ,,100.00 ,,0.5, 
SER,LIN6891648,20080128,18.98 ,,16.38 ,,22.86 ,,18.20 ,,96.66 ,,0, 
SER,LIN6891648,20080129,19.13 ,,16.38 ,,24.01 ,,18.15 ,,94.43 ,,0.5, 
SER,LIN6891648,20080130,19.04 ,,16.00 ,,24.40 ,,16.96 ,,88.73 ,,0, 
SER,LIN6891648,20080131,16.84 ,,15.23 ,,19.04 ,,16.61 ,,99.38 ,,0, 
SER,LIN6891648,20080201,17.45 ,,15.23 ,,22.48 ,,16.24 ,,93.80 ,,0, 
SER,LIN6891648,20080202,18.15 ,,14.09 ,,24.01 ,,16.14 ,,89.19 ,,0.5, 
SER,LIN6891648,20080203,15.46 ,,14.47 ,,17.90 ,,15.40 ,,100.00 ,,3.5, 
SER,LIN6891648,20080204,14.48 ,,13.70 ,,16.00 ,,14.48 ,,100.00 ,,2.5, 
SER,LIN6891648,20080205,17.17 ,,13.70 ,,21.33 ,,15.77 ,,92.50 ,,0, 
SER,LIN6891648,20080206,16.39 ,,14.47 ,,20.19 ,,13.90 ,,86.05 ,,0, 
SER,LIN6891648,20080207,13.68 ,,12.55 ,,16.76 ,,13.34 ,,98.91 ,,1, 
SER,LIN6891648,20080208,13.25 ,,10.99 ,,17.14 ,,12.45 ,,96.16 ,,0, 
SER,LIN6891648,20080209,10.82 ,,9.03 ,,12.16 ,,10.81 ,,100.00 ,,0, 
SER,LIN6891648,20080210,11.97 ,,8.63 ,,17.90 ,,10.50 ,,91.99 ,,0, 
SER,LIN6891648,20080211,13.92 ,,9.82 ,,17.52 ,,12.08 ,,89.28 ,,0, 
SER,LIN6891648,20080212,13.42 ,,11.38 ,,15.23 ,,12.85 ,,96.58 ,,0, 
SER,LIN6891648,20080213,11.44 ,,9.82 ,,13.70 ,,11.09 ,,98.38 ,,0, 
SER,LIN6891648,20080214,11.75 ,,9.03 ,,14.47 ,,11.43 ,,98.50 ,,0, 
SER,LIN6891648,20080215,12.24 ,,9.82 ,,15.23 ,,11.40 ,,95.61 ,,0, 
SER,LIN6891648,20080216,13.62 ,,9.82 ,,20.19 ,,11.05 ,,86.06 ,,0, 
SER,LIN6891648,20080217,14.95 ,,10.99 ,,21.33 ,,11.67 ,,82.92 ,,0, 
SER,LIN6891648,20080218,15.60 ,,12.16 ,,20.57 ,,13.69 ,,89.60 ,,10.5, 
SER,LIN6891648,20080219,15.97 ,,11.77 ,,21.33 ,,13.51 ,,86.90 ,,0, 
SER,LIN6891648,20080220,15.96 ,,12.16 ,,22.09 ,,12.75 ,,83.21 ,,0, 
SER,LIN6891648,20080221,16.60 ,,12.93 ,,22.48 ,,13.88 ,,85.33 ,,3.5, 
SER,LIN6891648,20080222,18.44 ,,15.23 ,,22.48 ,,14.40 ,,78.77 ,,0, 
SER,LIN6891648,20080223,16.42 ,,14.09 ,,19.04 ,,15.31 ,,93.73 ,,13.5, 
SER,LIN6891648,20080224,15.11 ,,14.09 ,,17.14 ,,15.02 ,,100.00 ,,3, 
SER,LIN6891648,20080225,16.07 ,,13.32 ,,19.04 ,,15.50 ,,97.36 ,,0, 
SER,LIN6891648,20080226,19.08 ,,15.23 ,,25.56 ,,16.72 ,,88.41 ,,0, 
SER,LIN6891648,20080227,14.79 ,,12.93 ,,16.38 ,,14.02 ,,95.77 ,,0, 
SER,LIN6891648,20080228,14.19 ,,11.77 ,,17.90 ,,12.41 ,,89.67 ,,0, 
SER,LIN6891648,20080229,14.79 ,,12.55 ,,17.52 ,,13.10 ,,90.00 ,,0, 
SER,LIN6891648,20080301,16.49 ,,13.32 ,,22.09 ,,12.76 ,,80.31 ,,0, 
SER,LIN6891648,20080302,17.24 ,,12.55 ,,24.40 ,,12.12 ,,74.67 ,,0, 
SER,LIN6891648,20080303,16.62 ,,12.93 ,,22.86 ,,10.87 ,,72.12 ,,0, 
SER,LIN6891648,20080304,14.95 ,,12.16 ,,20.57 ,,9.65 ,,72.73 ,,0, 
SER,LIN6891648,20080305,14.41 ,,10.21 ,,20.95 ,,8.99 ,,72.64 ,,0, 
SER,LIN6891648,20080306,14.66 ,,10.60 ,,19.81 ,,10.63 ,,78.27 ,,3.5, 
SER,LIN6891648,20080307,16.23 ,,13.70 ,,20.19 ,,12.22 ,,78.44 ,,0, 
SER,LIN6891648,20080308,16.77 ,,12.93 ,,22.48 ,,13.06 ,,80.07 ,,0, 
SER,LIN6891648,20080309,17.87 ,,13.32 ,,24.40 ,,12.97 ,,75.83 ,,0.5, 
SER,LIN6891648,20080310,18.09 ,,13.70 ,,23.63 ,,15.00 ,,83.49 ,,0, 
SER,LIN6891648,20080311,19.07 ,,15.23 ,,25.17 ,,14.87 ,,78.90 ,,0, 
SER,LIN6891648,20080312,18.51 ,,15.23 ,,23.24 ,,15.96 ,,86.11 ,,3.5, 
SER,LIN6891648,20080313,19.42 ,,14.85 ,,25.56 ,,15.45 ,,80.26 ,,0, 
SER,LIN6891648,20080314,18.92 ,,16.38 ,,22.09 ,,15.69 ,,82.06 ,,0, 
SER,LIN6891648,20080315,18.34 ,,16.00 ,,22.09 ,,16.74 ,,90.71 ,,0, 
SER,LIN6891648,20080316,18.93 ,,15.23 ,,25.56 ,,16.12 ,,85.48 ,,0, 
SER,LIN6891648,20080317,20.00 ,,16.00 ,,24.40 ,,17.51 ,,86.55 ,,0, 
SER,LIN6891648,20080318,21.73 ,,17.14 ,,27.91 ,,18.37 ,,83.02 ,,0, 
SER,LIN6891648,20080319,21.32 ,,17.90 ,,26.34 ,,18.85 ,,86.97 ,,0, 
SER,LIN6891648,20080320,18.65 ,,16.00 ,,24.40 ,,16.83 ,,90.42 ,,0, 
SER,LIN6891648,20080321,18.02 ,,16.00 ,,21.71 ,,16.81 ,,94.27 ,,0.5, 
SER,LIN6891648,20080322,19.32 ,,16.76 ,,23.24 ,,17.42 ,,90.44 ,,0, 
SER,LIN6891648,20080323,19.09 ,,16.76 ,,23.63 ,,18.02 ,,94.56 ,,35, 
SER,LIN6891648,20080324,16.58 ,,15.23 ,,18.66 ,,15.84 ,,96.74 ,,6.5, 
SER,LIN6891648,20080325,16.94 ,,13.70 ,,22.48 ,,14.34 ,,86.21 ,,0, 
SER,LIN6891648,20080326,16.26 ,,13.70 ,,20.95 ,,14.06 ,,88.50 ,,1, 
SER,LIN6891648,20080327,17.41 ,,12.93 ,,24.01 ,,13.34 ,,79.64 ,,0, 
SER,LIN6891648,20080328,18.37 ,,13.32 ,,24.01 ,,12.13 ,,69.61 ,,0, 
SER,LIN6891648,20080329,22.20 ,,17.90 ,,27.12 ,,17.71 ,,77.46 ,,0, 
SER,LIN6891648,20080330,22.71 ,,19.42 ,,28.31 ,,19.61 ,,85.20 ,,0, 
SER,LIN6891648,20080331,18.21 ,,17.14 ,,19.81 ,,18.21 ,,100.00 ,,4.5, 
SER,LIN6891648,20080401,16.74 ,,15.62 ,,17.90 ,,16.74 ,,100.00 ,,5, 
SER,LIN6891648,20080402,18.85 ,,16.76 ,,20.95 ,,18.34 ,,98.48 ,,0, 
SER,LIN6891648,20080403,20.34 ,,18.28 ,,24.01 ,,19.17 ,,93.67 ,,0, 
SER,LIN6891648,20080404,20.60 ,,18.28 ,,24.40 ,,19.60 ,,95.50 ,,0, 
SER,LIN6891648,20080405,21.86 ,,17.90 ,,28.31 ,,19.05 ,,85.89 ,,0, 
SER,LIN6891648,20080406,22.30 ,,17.52 ,,29.50 ,,18.07 ,,78.80 ,,0, 
SER,LIN6891648,20080407,22.89 ,,18.66 ,,29.10 ,,18.43 ,,78.34 ,,0, 
SER,LIN6891648,20080408,22.53 ,,18.66 ,,28.70 ,,19.63 ,,84.83 ,,1.5, 
SER,LIN6891648,20080409,22.23 ,,18.66 ,,27.12 ,,17.81 ,,77.72 ,,0, 
SER,LIN6891648,20080410,21.50 ,,18.28 ,,28.31 ,,18.61 ,,85.45 ,,35, 
SER,LIN6891648,20080411,21.26 ,,19.42 ,,25.95 ,,20.66 ,,97.94 ,,2.5, 
SER,LIN6891648,20080412,21.45 ,,18.28 ,,25.95 ,,19.92 ,,92.18 ,,0, 
SER,LIN6891648,20080413,22.49 ,,18.66 ,,27.52 ,,20.11 ,,88.03 ,,0, 
SER,LIN6891648,20080414,22.21 ,,18.66 ,,26.34 ,,20.11 ,,88.87 ,,0, 
SER,LIN6891648,20080415,20.80 ,,19.04 ,,23.63 ,,20.28 ,,97.43 ,,0, 
SER,LIN6891648,20080416,21.80 ,,18.28 ,,28.70 ,,19.49 ,,88.81 ,,63.5, 
SER,LIN6891648,20080417,21.85 ,,19.81 ,,25.56 ,,20.50 ,,92.59 ,,1.5, 
SER,LIN6891648,20080418,21.86 ,,19.04 ,,26.73 ,,20.40 ,,92.88 ,,2.5, 
SER,LIN6891648,20080419,22.17 ,,19.04 ,,26.34 ,,20.71 ,,92.80 ,,0, 
SER,LIN6891648,20080420,23.26 ,,20.19 ,,27.52 ,,21.50 ,,90.60 ,,0, 
SER,LIN6891648,20080421,22.49 ,,19.81 ,,26.73 ,,21.02 ,,92.40 ,,14.5, 
SER,LIN6891648,20080422,22.42 ,,18.66 ,,26.73 ,,20.81 ,,91.79 ,,0, 
SER,LIN6891648,20080423,21.90 ,,19.42 ,,26.34 ,,20.90 ,,95.68 ,,4.5, 
SER,LIN6891648,20080424,18.17 ,,17.52 ,,19.04 ,,18.17 ,,100.00 ,,6.5, 
SER,LIN6891648,20080425,18.24 ,,16.76 ,,20.95 ,,17.88 ,,99.69 ,,1, 
SER,LIN6891648,20080426,19.80 ,,16.00 ,,25.17 ,,16.94 ,,85.73 ,,0, 
