!LTER_Site,Station,Date,Daily_Discharge_Mean_Lps,Flag_Daily_Discharge_Mean_Lps
SBC,11118500,20071031,24.92,
SBC,11118500,20071101,24.35,
SBC,11118500,20071102,24.07,
SBC,11118500,20071103,21.24,
SBC,11118500,20071104,22.65,
SBC,11118500,20071105,24.07,
SBC,11118500,20071106,24.35,
SBC,11118500,20071107,23.79,
SBC,11118500,20071108,22.09,
SBC,11118500,20071109,20.67,
SBC,11118500,20071110,20.67,
SBC,11118500,20071111,20.67,
SBC,11118500,20071112,18.97,
SBC,11118500,20071113,17.56,
SBC,11118500,20071114,17.56,
SBC,11118500,20071115,28.32,
SBC,11118500,20071116,26.05,
SBC,11118500,20071117,20.67,
SBC,11118500,20071118,17.56,
SBC,11118500,20071119,17.27,
SBC,11118500,20071120,16.42,
SBC,11118500,20071121,15.57,
SBC,11118500,20071122,14.72,
SBC,11118500,20071123,15.29,
SBC,11118500,20071124,15.29,
SBC,11118500,20071125,13.03,
SBC,11118500,20071126,12.74,
SBC,11118500,20071127,12.46,
SBC,11118500,20071128,13.59,
SBC,11118500,20071129,14.72,
SBC,11118500,20071130,16.42,
SBC,11118500,20071201,16.71,
SBC,11118500,20071202,14.72,
SBC,11118500,20071203,14.72,
SBC,11118500,20071204,13.59,
SBC,11118500,20071205,13.59,
SBC,11118500,20071206,13.88,
SBC,11118500,20071207,16.99,
SBC,11118500,20071208,14.72,
SBC,11118500,20071209,12.18,
SBC,11118500,20071210,12.18,
SBC,11118500,20071211,12.18,
SBC,11118500,20071212,11.89,
SBC,11118500,20071213,11.04,
SBC,11118500,20071214,11.04,
SBC,11118500,20071215,11.04,
SBC,11118500,20071216,10.19,
SBC,11118500,20071217,8.78,
SBC,11118500,20071218,28.32,
SBC,11118500,20071219,33.98,
SBC,11118500,20071220,20.95,
SBC,11118500,20071221,18.69,
SBC,11118500,20071222,17.56,
SBC,11118500,20071223,16.99,
SBC,11118500,20071224,16.14,
SBC,11118500,20071225,16.14,
SBC,11118500,20071226,14.72,
SBC,11118500,20071227,14.72,
SBC,11118500,20071228,14.72,
SBC,11118500,20071229,14.72,
SBC,11118500,20071230,14.72,
SBC,11118500,20071231,14.44,
SBC,11118500,20080101,14.72,
SBC,11118500,20080102,14.44,
SBC,11118500,20080103,15.86,
SBC,11118500,20080104,36811.91,
SBC,11118500,20080105,36528.74,
SBC,11118500,20080106,906.14,
SBC,11118500,20080107,1783.96,
SBC,11118500,20080108,481.39,
SBC,11118500,20080109,266.18,
SBC,11118500,20080110,195.39,
SBC,11118500,20080111,161.41,
SBC,11118500,20080112,144.42,
SBC,11118500,20080113,133.09,
SBC,11118500,20080114,124.59,
SBC,11118500,20080115,124.59,
SBC,11118500,20080116,124.59,
SBC,11118500,20080117,124.59,
SBC,11118500,20080118,121.76,
SBC,11118500,20080119,118.93,
SBC,11118500,20080120,124.59,
SBC,11118500,20080121,124.59,
SBC,11118500,20080122,133.09,
SBC,11118500,20080123,17499.81,
SBC,11118500,20080124,33980.22,
SBC,11118500,20080125,77588.17,
SBC,11118500,20080126,20388.13,
SBC,11118500,20080127,155742.68,
SBC,11118500,20080128,129124.84,
SBC,11118500,20080129,27127.54,
SBC,11118500,20080130,11893.08,
SBC,11118500,20080131,8353.47,
SBC,11118500,20080201,5550.10,
SBC,11118500,20080202,4559.01,
SBC,11118500,20080203,5012.08,
SBC,11118500,20080204,3511.29,
SBC,11118500,20080205,2916.64,
SBC,11118500,20080206,2860.00,
SBC,11118500,20080207,2746.73,
SBC,11118500,20080208,2576.83,
SBC,11118500,20080209,2321.98,
SBC,11118500,20080210,2237.03,
SBC,11118500,20080211,2180.40,
SBC,11118500,20080212,1982.18,
SBC,11118500,20080213,1897.23,
SBC,11118500,20080214,1840.60,
SBC,11118500,20080215,1727.33,
SBC,11118500,20080216,1642.38,
SBC,11118500,20080217,1642.38,
SBC,11118500,20080218,1642.38,
SBC,11118500,20080219,1614.06,
SBC,11118500,20080220,1699.01,
SBC,11118500,20080221,1699.01,
SBC,11118500,20080222,2067.13,
SBC,11118500,20080223,1812.28,
SBC,11118500,20080224,4474.06,
SBC,11118500,20080225,2860.00,
SBC,11118500,20080226,2746.73,
SBC,11118500,20080227,2548.52,
SBC,11118500,20080228,2435.25,
SBC,11118500,20080229,2293.66,
SBC,11118500,20080301,2237.03,
SBC,11118500,20080302,2152.08,
SBC,11118500,20080303,2010.50,
SBC,11118500,20080304,1953.86,
SBC,11118500,20080305,1897.23,
SBC,11118500,20080306,1840.60,
SBC,11118500,20080307,1840.60,
SBC,11118500,20080308,1840.60,
SBC,11118500,20080309,1755.64,
SBC,11118500,20080310,1699.01,
SBC,11118500,20080311,1614.06,
SBC,11118500,20080312,1557.43,
SBC,11118500,20080313,1529.11,
SBC,11118500,20080314,1529.11,
SBC,11118500,20080315,1585.74,
SBC,11118500,20080316,1557.43,
SBC,11118500,20080317,1529.11,
SBC,11118500,20080318,1500.79,
SBC,11118500,20080319,1500.79,
SBC,11118500,20080320,1444.16,
SBC,11118500,20080321,1387.53,
SBC,11118500,20080322,1330.89,
SBC,11118500,20080323,1217.62,
SBC,11118500,20080324,1189.31,
SBC,11118500,20080325,1160.99,
SBC,11118500,20080326,1104.36,
SBC,11118500,20080327,1104.36,
SBC,11118500,20080328,1104.36,
SBC,11118500,20080329,1104.36,
SBC,11118500,20080330,1104.36,
SBC,11118500,20080331,1076.04,
SBC,11118500,20080401,1132.67,
SBC,11118500,20080402,1132.67,
SBC,11118500,20080403,1132.67,
SBC,11118500,20080404,1160.99,
SBC,11118500,20080405,1160.99,
SBC,11118500,20080406,1160.99,
SBC,11118500,20080407,1160.99,
SBC,11118500,20080408,1132.67,
SBC,11118500,20080409,1132.67,
SBC,11118500,20080410,1019.41,
SBC,11118500,20080411,1019.41,
SBC,11118500,20080412,991.09,
SBC,11118500,20080413,934.46,
SBC,11118500,20080414,906.14,
SBC,11118500,20080415,849.51,
SBC,11118500,20080416,849.51,
SBC,11118500,20080417,849.51,
SBC,11118500,20080418,821.19,
SBC,11118500,20080419,821.19,
SBC,11118500,20080420,792.87,
SBC,11118500,20080421,821.19,
SBC,11118500,20080422,849.51,
SBC,11118500,20080423,821.19,
SBC,11118500,20080424,821.19,
SBC,11118500,20080425,821.19,
SBC,11118500,20080426,792.87,
SBC,11118500,20080427,707.92,
SBC,11118500,20080428,679.60,
SBC,11118500,20080429,679.60,
SBC,11118500,20080430,679.60,
SBC,11118500,20080501,679.60,
SBC,11118500,20080502,622.97,
SBC,11118500,20080503,622.97,
SBC,11118500,20080504,594.65,
SBC,11118500,20080505,538.02,
SBC,11118500,20080506,566.34,
SBC,11118500,20080507,566.34,
SBC,11118500,20080508,538.02,
SBC,11118500,20080509,509.70,
SBC,11118500,20080510,481.39,
SBC,11118500,20080511,481.39,
SBC,11118500,20080512,481.39,
SBC,11118500,20080513,424.75,
SBC,11118500,20080514,368.12,
SBC,11118500,20080515,339.80,
SBC,11118500,20080516,311.49,
SBC,11118500,20080517,283.17,
SBC,11118500,20080518,311.49,
SBC,11118500,20080519,368.12,
SBC,11118500,20080520,339.80,
SBC,11118500,20080521,339.80,
SBC,11118500,20080522,339.80,
SBC,11118500,20080523,368.12,
SBC,11118500,20080524,396.44,
SBC,11118500,20080525,396.44,
SBC,11118500,20080526,396.44,
SBC,11118500,20080527,368.12,
SBC,11118500,20080528,368.12,
SBC,11118500,20080529,396.44,
SBC,11118500,20080530,396.44,
SBC,11118500,20080531,424.75,
SBC,11118500,20080601,453.07,
SBC,11118500,20080602,453.07,
SBC,11118500,20080603,481.39,
SBC,11118500,20080604,509.70,
SBC,11118500,20080605,538.02,
SBC,11118500,20080606,566.34,
SBC,11118500,20080607,566.34,
SBC,11118500,20080608,594.65,
SBC,11118500,20080609,622.97,
SBC,11118500,20080610,594.65,
SBC,11118500,20080611,566.34,
SBC,11118500,20080612,594.65,
SBC,11118500,20080613,594.65,
SBC,11118500,20080614,594.65,
SBC,11118500,20080615,566.34,
SBC,11118500,20080616,566.34,
SBC,11118500,20080617,538.02,
SBC,11118500,20080618,509.70,
SBC,11118500,20080619,509.70,
SBC,11118500,20080620,481.39,
SBC,11118500,20080621,453.07,
SBC,11118500,20080622,424.75,
SBC,11118500,20080623,424.75,
SBC,11118500,20080624,368.12,
SBC,11118500,20080625,339.80,
SBC,11118500,20080626,368.12,
SBC,11118500,20080627,368.12,
SBC,11118500,20080628,396.44,
SBC,11118500,20080629,453.07,
SBC,11118500,20080630,396.44,
SBC,11118500,20080701,396.44,
SBC,11118500,20080702,424.75,
SBC,11118500,20080703,424.75,
SBC,11118500,20080704,368.12,
SBC,11118500,20080705,339.80,
SBC,11118500,20080706,339.80,
SBC,11118500,20080707,339.80,
SBC,11118500,20080708,339.80,
SBC,11118500,20080709,339.80,
SBC,11118500,20080710,339.80,
SBC,11118500,20080711,339.80,
SBC,11118500,20080712,339.80,
SBC,11118500,20080713,311.49,
SBC,11118500,20080714,283.17,
SBC,11118500,20080715,283.17,
SBC,11118500,20080716,280.34,
SBC,11118500,20080717,283.17,
SBC,11118500,20080718,283.17,
SBC,11118500,20080719,311.49,
SBC,11118500,20080720,311.49,
SBC,11118500,20080721,311.49,
SBC,11118500,20080722,283.17,
SBC,11118500,20080723,271.84,
SBC,11118500,20080724,274.67,
SBC,11118500,20080725,280.34,
SBC,11118500,20080726,269.01,
SBC,11118500,20080727,283.17,
SBC,11118500,20080728,283.17,
SBC,11118500,20080729,283.17,
SBC,11118500,20080730,283.17,
SBC,11118500,20080731,280.34,
SBC,11118500,20080801,283.17,
SBC,11118500,20080802,274.67,
SBC,11118500,20080803,266.18,
SBC,11118500,20080804,263.35,
SBC,11118500,20080805,249.19,
SBC,11118500,20080806,269.01,
SBC,11118500,20080807,269.01,
SBC,11118500,20080808,260.52,
SBC,11118500,20080809,252.02,
SBC,11118500,20080810,260.52,
SBC,11118500,20080811,269.01,
SBC,11118500,20080812,283.17,
SBC,11118500,20080813,283.17,
SBC,11118500,20080814,249.19,
SBC,11118500,20080815,237.86,
SBC,11118500,20080816,254.85,
SBC,11118500,20080817,266.18,
SBC,11118500,20080818,269.01,
SBC,11118500,20080819,266.18,
SBC,11118500,20080820,249.19,
SBC,11118500,20080821,203.88,
SBC,11118500,20080822,189.72,
SBC,11118500,20080823,198.22,
SBC,11118500,20080824,192.55,
SBC,11118500,20080825,184.06,
SBC,11118500,20080826,184.06,
SBC,11118500,20080827,192.55,
SBC,11118500,20080828,198.22,
SBC,11118500,20080829,184.06,
SBC,11118500,20080830,184.06,
SBC,11118500,20080831,186.89,
SBC,11118500,20080901,189.72,
SBC,11118500,20080902,189.72,
SBC,11118500,20080903,195.39,
SBC,11118500,20080904,192.55,
SBC,11118500,20080905,192.55,
SBC,11118500,20080906,201.05,
SBC,11118500,20080907,206.71,
SBC,11118500,20080908,206.71,
SBC,11118500,20080909,215.21,
SBC,11118500,20080910,206.71,
SBC,11118500,20080911,206.71,
SBC,11118500,20080912,209.54,
SBC,11118500,20080913,209.54,
SBC,11118500,20080914,203.88,
SBC,11118500,20080915,195.39,
SBC,11118500,20080916,189.72,
SBC,11118500,20080917,189.72,
SBC,11118500,20080918,192.55,
SBC,11118500,20080919,192.55,
SBC,11118500,20080920,189.72,
SBC,11118500,20080921,189.72,
SBC,11118500,20080922,186.89,
SBC,11118500,20080923,181.23,
SBC,11118500,20080924,178.40,
SBC,11118500,20080925,184.06,
SBC,11118500,20080926,181.23,
SBC,11118500,20080927,175.56,
SBC,11118500,20080928,178.40,
SBC,11118500,20080929,178.40,
SBC,11118500,20080930,158.57,
SBC,11118500,20081001,152.91,
SBC,11118500,20081002,152.91,
SBC,11118500,20081003,152.91,
SBC,11118500,20081004,161.41,
SBC,11118500,20081005,150.08,
SBC,11118500,20081006,138.75,
SBC,11118500,20081007,133.09,
SBC,11118500,20081008,127.43,
SBC,11118500,20081009,130.26,
SBC,11118500,20081010,133.09,
SBC,11118500,20081011,138.75,
SBC,11118500,20081012,150.08,
SBC,11118500,20081013,155.74,
SBC,11118500,20081014,150.08,
SBC,11118500,20081015,144.42,
SBC,11118500,20081016,138.75,
SBC,11118500,20081017,161.41,
SBC,11118500,20081018,192.55,
SBC,11118500,20081019,206.71,
SBC,11118500,20081020,209.54,
SBC,11118500,20081021,203.88,
SBC,11118500,20081022,189.72,
SBC,11118500,20081023,178.40,
SBC,11118500,20081024,175.56,
SBC,11118500,20081025,172.73,
SBC,11118500,20081026,172.73,
SBC,11118500,20081027,172.73,
SBC,11118500,20081028,169.90,
SBC,11118500,20081029,181.23,
SBC,11118500,20081030,186.89,
SBC,11118500,20081031,186.89,
SBC,11118500,20081101,240.69,
SBC,11118500,20081102,206.71,
SBC,11118500,20081103,178.40,
SBC,11118500,20081104,150.08,
SBC,11118500,20081105,121.76,
SBC,11118500,20081106,127.43,
SBC,11118500,20081107,155.74,
SBC,11118500,20081108,161.41,
SBC,11118500,20081109,155.74,
SBC,11118500,20081110,158.57,
SBC,11118500,20081111,158.57,
SBC,11118500,20081112,152.91,
SBC,11118500,20081113,147.25,
SBC,11118500,20081114,141.58,
SBC,11118500,20081115,147.25,
SBC,11118500,20081116,150.08,
SBC,11118500,20081117,150.08,
SBC,11118500,20081118,152.91,
SBC,11118500,20081119,150.08,
SBC,11118500,20081120,147.25,
SBC,11118500,20081121,155.74,
SBC,11118500,20081122,158.57,
SBC,11118500,20081123,155.74,
SBC,11118500,20081124,155.74,
SBC,11118500,20081125,169.90,
SBC,11118500,20081126,249.19,
SBC,11118500,20081127,218.04,
SBC,11118500,20081128,127.43,
SBC,11118500,20081129,116.10,
SBC,11118500,20081130,116.10,
SBC,11118500,20081201,152.91,
SBC,11118500,20081202,150.08,
SBC,11118500,20081203,141.58,
SBC,11118500,20081204,141.58,
SBC,11118500,20081205,141.58,
SBC,11118500,20081206,138.75,
SBC,11118500,20081207,141.58,
SBC,11118500,20081208,,M
SBC,11118500,20081209,135.92,
SBC,11118500,20081210,130.26,
SBC,11118500,20081211,124.59,
SBC,11118500,20081212,121.76,
SBC,11118500,20081213,118.93,
SBC,11118500,20081214,118.93,
SBC,11118500,20081215,339.80,
SBC,11118500,20081216,232.20,
SBC,11118500,20081217,161.41,
SBC,11118500,20081218,133.09,
SBC,11118500,20081219,144.42,
SBC,11118500,20081220,172.73,
SBC,11118500,20081221,169.90,
SBC,11118500,20081222,184.06,
SBC,11118500,20081223,178.40,
SBC,11118500,20081224,167.07,
SBC,11118500,20081225,169.90,
SBC,11118500,20081226,167.07,
SBC,11118500,20081227,164.24,
SBC,11118500,20081228,161.41,
SBC,11118500,20081229,155.74,
SBC,11118500,20081230,147.25,
SBC,11118500,20081231,141.58,
SBC,11118500,20090101,141.58,
SBC,11118500,20090102,144.42,
SBC,11118500,20090103,144.42,
SBC,11118500,20090104,141.58,
SBC,11118500,20090105,141.58,
SBC,11118500,20090106,130.26,
SBC,11118500,20090107,130.26,
SBC,11118500,20090108,133.09,
SBC,11118500,20090109,133.09,
SBC,11118500,20090110,130.26,
SBC,11118500,20090111,127.43,
SBC,11118500,20090112,118.93,
SBC,11118500,20090113,118.93,
SBC,11118500,20090114,116.10,
SBC,11118500,20090115,113.27,
SBC,11118500,20090116,113.27,
SBC,11118500,20090117,110.44,
SBC,11118500,20090118,110.44,
SBC,11118500,20090119,113.27,
SBC,11118500,20090120,104.77,
SBC,11118500,20090121,104.77,
!LTER_Site,Station,Date,Daily_Discharge_Mean_Lps,Flag_Daily_Discharge_Mean_Lps
SBC,11119500,20071105,0.00,
SBC,11119500,20071106,0.00,
SBC,11119500,20071107,0.00,
SBC,11119500,20071108,0.00,
SBC,11119500,20071109,0.00,
SBC,11119500,20071110,0.00,
SBC,11119500,20071111,0.00,
SBC,11119500,20071112,0.00,
SBC,11119500,20071113,0.00,
SBC,11119500,20071114,0.00,
SBC,11119500,20071115,0.00,
SBC,11119500,20071116,0.00,
SBC,11119500,20071117,0.00,
SBC,11119500,20071118,0.00,
SBC,11119500,20071119,0.00,
SBC,11119500,20071120,0.00,
SBC,11119500,20071121,0.00,
SBC,11119500,20071122,0.00,
SBC,11119500,20071123,0.00,
SBC,11119500,20071124,0.00,
SBC,11119500,20071125,0.00,
SBC,11119500,20071126,0.00,
SBC,11119500,20071127,0.00,
SBC,11119500,20071128,0.00,
SBC,11119500,20071129,0.00,
SBC,11119500,20071130,0.00,
SBC,11119500,20071201,0.00,
SBC,11119500,20071202,0.00,
SBC,11119500,20071203,0.00,
SBC,11119500,20071204,0.00,
SBC,11119500,20071205,0.00,
SBC,11119500,20071206,0.00,
SBC,11119500,20071207,0.00,
SBC,11119500,20071208,0.00,
SBC,11119500,20071209,0.00,
SBC,11119500,20071210,0.00,
SBC,11119500,20071211,0.00,
SBC,11119500,20071212,0.00,
SBC,11119500,20071213,0.00,
SBC,11119500,20071214,0.00,
SBC,11119500,20071215,0.00,
SBC,11119500,20071216,0.00,
SBC,11119500,20071217,0.00,
SBC,11119500,20071218,161.41,
SBC,11119500,20071219,339.80,
SBC,11119500,20071220,3.68,
SBC,11119500,20071221,0.00,
SBC,11119500,20071222,0.00,
SBC,11119500,20071223,0.00,
SBC,11119500,20071224,0.00,
SBC,11119500,20071225,0.00,
SBC,11119500,20071226,0.00,
SBC,11119500,20071227,0.00,
SBC,11119500,20071228,0.00,
SBC,11119500,20071229,0.00,
SBC,11119500,20071230,0.00,
SBC,11119500,20071231,0.00,
SBC,11119500,20080101,0.00,
SBC,11119500,20080102,0.00,
SBC,11119500,20080103,0.00,
SBC,11119500,20080104,8834.86,
SBC,11119500,20080105,5323.57,
SBC,11119500,20080106,1132.67,
SBC,11119500,20080107,566.34,
SBC,11119500,20080108,252.02,
SBC,11119500,20080109,138.75,
SBC,11119500,20080110,90.61,
SBC,11119500,20080111,59.47,
SBC,11119500,20080112,39.64,
SBC,11119500,20080113,22.09,
SBC,11119500,20080114,13.31,
SBC,11119500,20080115,18.12,
SBC,11119500,20080116,17.27,
SBC,11119500,20080117,3.68,
SBC,11119500,20080118,2.27,
SBC,11119500,20080119,0.00,
SBC,11119500,20080120,0.00,
SBC,11119500,20080121,0.00,
SBC,11119500,20080122,5.38,
SBC,11119500,20080123,5295.25,
SBC,11119500,20080124,4219.21,
SBC,11119500,20080125,2746.73,
SBC,11119500,20080126,1132.67,
SBC,11119500,20080127,4020.99,
SBC,11119500,20080128,7079.21,
SBC,11119500,20080129,1557.43,
SBC,11119500,20080130,877.82,
SBC,11119500,20080131,566.34,
SBC,11119500,20080201,453.07,
SBC,11119500,20080202,424.75,
SBC,11119500,20080203,509.70,
SBC,11119500,20080204,368.12,
SBC,11119500,20080205,311.49,
SBC,11119500,20080206,280.34,
SBC,11119500,20080207,271.84,
SBC,11119500,20080208,229.37,
SBC,11119500,20080209,203.88,
SBC,11119500,20080210,181.23,
SBC,11119500,20080211,164.24,
SBC,11119500,20080212,147.25,
SBC,11119500,20080213,135.92,
SBC,11119500,20080214,127.43,
SBC,11119500,20080215,121.76,
SBC,11119500,20080216,116.10,
SBC,11119500,20080217,110.44,
SBC,11119500,20080218,101.94,
SBC,11119500,20080219,96.28,
SBC,11119500,20080220,107.60,
SBC,11119500,20080221,93.45,
SBC,11119500,20080222,101.94,
SBC,11119500,20080223,93.45,
SBC,11119500,20080224,184.06,
SBC,11119500,20080225,130.26,
SBC,11119500,20080226,107.60,
SBC,11119500,20080227,96.28,
SBC,11119500,20080228,87.78,
SBC,11119500,20080229,79.29,
SBC,11119500,20080301,76.46,
SBC,11119500,20080302,73.62,
SBC,11119500,20080303,65.13,
SBC,11119500,20080304,65.13,
SBC,11119500,20080305,62.30,
SBC,11119500,20080306,56.63,
SBC,11119500,20080307,50.97,
SBC,11119500,20080308,50.97,
SBC,11119500,20080309,45.31,
SBC,11119500,20080310,42.48,
SBC,11119500,20080311,39.64,
SBC,11119500,20080312,39.64,
SBC,11119500,20080313,36.81,
SBC,11119500,20080314,33.98,
SBC,11119500,20080315,33.98,
SBC,11119500,20080316,33.98,
SBC,11119500,20080317,31.15,
SBC,11119500,20080318,31.15,
SBC,11119500,20080319,28.32,
SBC,11119500,20080320,27.75,
SBC,11119500,20080321,23.50,
SBC,11119500,20080322,20.10,
SBC,11119500,20080323,17.56,
SBC,11119500,20080324,14.44,
SBC,11119500,20080325,12.74,
SBC,11119500,20080326,11.61,
SBC,11119500,20080327,11.33,
SBC,11119500,20080328,10.48,
SBC,11119500,20080329,11.04,
SBC,11119500,20080330,11.04,
SBC,11119500,20080331,10.76,
SBC,11119500,20080401,12.46,
SBC,11119500,20080402,12.46,
SBC,11119500,20080403,15.57,
SBC,11119500,20080404,11.33,
SBC,11119500,20080405,9.91,
SBC,11119500,20080406,9.34,
SBC,11119500,20080407,8.21,
SBC,11119500,20080408,6.51,
SBC,11119500,20080409,5.38,
SBC,11119500,20080410,3.11,
SBC,11119500,20080411,1.42,
SBC,11119500,20080412,0.28,
SBC,11119500,20080413,0.00,
SBC,11119500,20080414,0.00,
SBC,11119500,20080415,0.00,
SBC,11119500,20080416,0.57,
SBC,11119500,20080417,0.00,
SBC,11119500,20080418,0.00,
SBC,11119500,20080419,0.00,
SBC,11119500,20080420,1.13,
SBC,11119500,20080421,0.57,
SBC,11119500,20080422,0.00,
SBC,11119500,20080423,0.00,
SBC,11119500,20080424,0.00,
SBC,11119500,20080425,0.00,
SBC,11119500,20080426,0.00,
SBC,11119500,20080427,0.00,
SBC,11119500,20080428,0.00,
SBC,11119500,20080429,0.00,
SBC,11119500,20080430,0.00,
SBC,11119500,20080501,0.00,
SBC,11119500,20080502,0.00,
SBC,11119500,20080503,0.00,
SBC,11119500,20080504,0.00,
SBC,11119500,20080505,0.00,
SBC,11119500,20080506,0.00,
SBC,11119500,20080507,0.00,
SBC,11119500,20080508,0.00,
SBC,11119500,20080509,0.00,
SBC,11119500,20080510,0.00,
SBC,11119500,20080511,0.00,
SBC,11119500,20080512,0.00,
SBC,11119500,20080513,0.00,
SBC,11119500,20080514,0.00,
SBC,11119500,20080515,0.00,
SBC,11119500,20080516,0.00,
SBC,11119500,20080517,0.00,
SBC,11119500,20080518,0.00,
SBC,11119500,20080519,0.00,
SBC,11119500,20080520,0.00,
SBC,11119500,20080521,0.00,
SBC,11119500,20080522,0.00,
SBC,11119500,20080523,0.00,
SBC,11119500,20080524,0.00,
SBC,11119500,20080525,0.00,
SBC,11119500,20080526,0.00,
SBC,11119500,20080527,0.00,
SBC,11119500,20080528,0.00,
SBC,11119500,20080529,0.00,
SBC,11119500,20080530,0.00,
SBC,11119500,20080531,0.00,
SBC,11119500,20080601,0.00,
SBC,11119500,20080602,0.00,
SBC,11119500,20080603,0.00,
SBC,11119500,20080604,0.00,
SBC,11119500,20080605,0.00,
SBC,11119500,20080606,0.00,
SBC,11119500,20080607,0.00,
SBC,11119500,20080608,0.00,
SBC,11119500,20080609,0.00,
SBC,11119500,20080610,0.00,
SBC,11119500,20080611,0.00,
SBC,11119500,20080612,0.00,
SBC,11119500,20080613,0.00,
SBC,11119500,20080614,0.00,
SBC,11119500,20080615,0.00,
SBC,11119500,20080616,0.00,
SBC,11119500,20080617,0.00,
SBC,11119500,20080618,0.00,
SBC,11119500,20080619,0.00,
SBC,11119500,20080620,0.00,
SBC,11119500,20080621,0.00,
SBC,11119500,20080622,0.00,
SBC,11119500,20080623,0.00,
SBC,11119500,20080624,0.00,
SBC,11119500,20080625,0.00,
SBC,11119500,20080626,0.00,
SBC,11119500,20080627,0.00,
SBC,11119500,20080628,0.00,
SBC,11119500,20080629,0.00,
SBC,11119500,20080630,0.00,
SBC,11119500,20080701,0.00,
SBC,11119500,20080702,0.00,
SBC,11119500,20080703,0.00,
SBC,11119500,20080704,0.00,
SBC,11119500,20080705,0.00,
SBC,11119500,20080706,0.00,
SBC,11119500,20080707,0.00,
SBC,11119500,20080708,0.00,
SBC,11119500,20080709,0.00,
SBC,11119500,20080710,0.00,
SBC,11119500,20080711,0.00,
SBC,11119500,20080712,0.00,
SBC,11119500,20080713,0.00,
SBC,11119500,20080714,0.00,
SBC,11119500,20080715,0.00,
SBC,11119500,20080716,0.00,
SBC,11119500,20080717,0.00,
SBC,11119500,20080718,0.00,
SBC,11119500,20080719,0.00,
SBC,11119500,20080720,0.00,
SBC,11119500,20080721,0.00,
SBC,11119500,20080722,0.00,
SBC,11119500,20080723,0.00,
SBC,11119500,20080724,0.00,
SBC,11119500,20080725,0.00,
SBC,11119500,20080726,0.00,
SBC,11119500,20080727,0.00,
SBC,11119500,20080728,0.00,
SBC,11119500,20080729,0.00,
SBC,11119500,20080730,0.00,
SBC,11119500,20080731,0.00,
SBC,11119500,20080801,0.00,
SBC,11119500,20080802,0.00,
SBC,11119500,20080803,0.00,
SBC,11119500,20080804,0.00,
SBC,11119500,20080805,0.00,
SBC,11119500,20080806,0.00,
SBC,11119500,20080807,0.00,
SBC,11119500,20080808,0.00,
SBC,11119500,20080809,0.00,
SBC,11119500,20080810,0.00,
SBC,11119500,20080811,0.00,
SBC,11119500,20080812,0.00,
SBC,11119500,20080813,0.00,
SBC,11119500,20080814,0.00,
SBC,11119500,20080815,0.00,
SBC,11119500,20080816,0.00,
SBC,11119500,20080817,0.00,
SBC,11119500,20080818,0.00,
SBC,11119500,20080819,0.00,
SBC,11119500,20080820,0.00,
SBC,11119500,20080821,0.00,
SBC,11119500,20080822,0.00,
SBC,11119500,20080823,0.00,
SBC,11119500,20080824,0.00,
SBC,11119500,20080825,0.00,
SBC,11119500,20080826,0.00,
SBC,11119500,20080827,0.00,
SBC,11119500,20080828,0.00,
SBC,11119500,20080829,0.00,
SBC,11119500,20080830,0.00,
SBC,11119500,20080831,0.00,
SBC,11119500,20080901,0.00,
SBC,11119500,20080902,0.00,
SBC,11119500,20080903,0.00,
SBC,11119500,20080904,0.00,
SBC,11119500,20080905,0.00,
SBC,11119500,20080906,0.00,
SBC,11119500,20080907,0.00,
SBC,11119500,20080908,0.00,
SBC,11119500,20080909,0.00,
SBC,11119500,20080910,0.00,
SBC,11119500,20080911,0.00,
SBC,11119500,20080912,0.00,
SBC,11119500,20080913,0.00,
SBC,11119500,20080914,0.00,
SBC,11119500,20080915,0.00,
SBC,11119500,20080916,0.00,
SBC,11119500,20080917,0.00,
SBC,11119500,20080918,0.00,
SBC,11119500,20080919,0.00,
SBC,11119500,20080920,0.00,
SBC,11119500,20080921,0.00,
SBC,11119500,20080922,0.00,
SBC,11119500,20080923,0.00,
SBC,11119500,20080924,0.00,
SBC,11119500,20080925,0.00,
SBC,11119500,20080926,0.00,
SBC,11119500,20080927,0.00,
SBC,11119500,20080928,0.00,
SBC,11119500,20080929,0.00,
SBC,11119500,20080930,0.00,
SBC,11119500,20081001,0.00,
SBC,11119500,20081002,0.00,
SBC,11119500,20081003,0.00,
SBC,11119500,20081004,0.00,
SBC,11119500,20081005,0.00,
SBC,11119500,20081006,0.00,
SBC,11119500,20081007,0.00,
SBC,11119500,20081008,0.00,
SBC,11119500,20081009,0.00,
SBC,11119500,20081010,0.00,
SBC,11119500,20081011,0.00,
SBC,11119500,20081012,0.00,
SBC,11119500,20081013,0.00,
SBC,11119500,20081014,0.00,
SBC,11119500,20081015,0.00,
SBC,11119500,20081016,0.00,
SBC,11119500,20081017,0.00,
SBC,11119500,20081018,0.00,
SBC,11119500,20081019,0.00,
SBC,11119500,20081020,0.00,
SBC,11119500,20081021,0.00,
SBC,11119500,20081022,0.00,
SBC,11119500,20081023,0.00,
SBC,11119500,20081024,0.00,
SBC,11119500,20081025,0.00,
SBC,11119500,20081026,0.00,
SBC,11119500,20081027,0.00,
SBC,11119500,20081028,0.00,
SBC,11119500,20081029,0.00,
SBC,11119500,20081030,0.00,
SBC,11119500,20081031,0.00,
SBC,11119500,20081101,0.00,
SBC,11119500,20081102,0.00,
SBC,11119500,20081103,0.00,
SBC,11119500,20081104,0.00,
SBC,11119500,20081105,0.00,
SBC,11119500,20081106,0.00,
SBC,11119500,20081107,0.00,
SBC,11119500,20081108,0.00,
SBC,11119500,20081109,0.00,
SBC,11119500,20081110,0.00,
SBC,11119500,20081111,0.00,
SBC,11119500,20081112,0.00,
SBC,11119500,20081113,0.00,
SBC,11119500,20081114,0.00,
SBC,11119500,20081115,0.00,
SBC,11119500,20081116,0.00,
SBC,11119500,20081117,0.00,
SBC,11119500,20081118,0.00,
SBC,11119500,20081119,0.00,
SBC,11119500,20081120,0.00,
SBC,11119500,20081121,0.00,
SBC,11119500,20081122,0.00,
SBC,11119500,20081123,0.00,
SBC,11119500,20081124,0.00,
SBC,11119500,20081125,0.00,
SBC,11119500,20081126,3.68,
SBC,11119500,20081127,0.00,
SBC,11119500,20081128,0.00,
SBC,11119500,20081129,0.00,
SBC,11119500,20081130,0.00,
SBC,11119500,20081201,0.00,
SBC,11119500,20081202,0.00,
SBC,11119500,20081203,0.00,
SBC,11119500,20081204,0.00,
SBC,11119500,20081205,0.00,
SBC,11119500,20081206,0.00,
SBC,11119500,20081207,0.00,
SBC,11119500,20081208,0.00,
SBC,11119500,20081209,0.00,
SBC,11119500,20081210,0.00,
SBC,11119500,20081211,0.00,
SBC,11119500,20081212,0.00,
SBC,11119500,20081213,0.00,
SBC,11119500,20081214,0.00,
SBC,11119500,20081215,67.96,
SBC,11119500,20081216,0.28,
SBC,11119500,20081217,0.00,
SBC,11119500,20081218,0.00,
SBC,11119500,20081219,0.00,
SBC,11119500,20081220,0.00,
SBC,11119500,20081221,0.00,
SBC,11119500,20081222,0.00,
SBC,11119500,20081223,0.00,
SBC,11119500,20081224,0.00,
SBC,11119500,20081225,0.00,
SBC,11119500,20081226,0.00,
SBC,11119500,20081227,0.00,
SBC,11119500,20081228,0.00,
SBC,11119500,20081229,0.00,
SBC,11119500,20081230,0.00,
SBC,11119500,20081231,0.00,
SBC,11119500,20090101,0.00,
SBC,11119500,20090102,0.00,
SBC,11119500,20090103,0.00,
SBC,11119500,20090104,0.00,
SBC,11119500,20090105,0.00,
SBC,11119500,20090106,0.00,
SBC,11119500,20090107,0.00,
SBC,11119500,20090108,0.00,
SBC,11119500,20090109,0.00,
SBC,11119500,20090110,0.00,
SBC,11119500,20090111,0.00,
SBC,11119500,20090112,0.00,
SBC,11119500,20090113,0.00,
SBC,11119500,20090114,0.00,
SBC,11119500,20090115,0.00,
SBC,11119500,20090116,0.00,
SBC,11119500,20090117,0.00,
SBC,11119500,20090118,0.00,
SBC,11119500,20090119,0.00,
SBC,11119500,20090120,0.00,
SBC,11119500,20090121,0.00,
!LTER_Site,Station,Date,Daily_Discharge_Mean_Lps,Flag_Daily_Discharge_Mean_Lps
SBC,11119745,20071031,4.53,
SBC,11119745,20071101,5.38,
SBC,11119745,20071102,5.95,
SBC,11119745,20071103,5.66,
SBC,11119745,20071104,5.66,
SBC,11119745,20071105,5.38,
SBC,11119745,20071106,5.38,
SBC,11119745,20071107,4.25,
SBC,11119745,20071108,3.68,
SBC,11119745,20071109,3.68,
SBC,11119745,20071110,3.11,
SBC,11119745,20071111,2.55,
SBC,11119745,20071112,2.27,
SBC,11119745,20071113,2.55,
SBC,11119745,20071114,4.81,
SBC,11119745,20071115,2.83,
SBC,11119745,20071116,2.55,
SBC,11119745,20071117,2.27,
SBC,11119745,20071118,2.27,
SBC,11119745,20071119,2.27,
SBC,11119745,20071120,1.98,
SBC,11119745,20071121,1.98,
SBC,11119745,20071122,1.98,
SBC,11119745,20071123,2.27,
SBC,11119745,20071124,1.98,
SBC,11119745,20071125,1.70,
SBC,11119745,20071126,1.70,
SBC,11119745,20071127,1.42,
SBC,11119745,20071128,1.42,
SBC,11119745,20071129,1.13,
SBC,11119745,20071130,1.42,
SBC,11119745,20071201,1.42,
SBC,11119745,20071202,1.13,
SBC,11119745,20071203,1.42,
SBC,11119745,20071204,1.42,
SBC,11119745,20071205,1.42,
SBC,11119745,20071206,1.42,
SBC,11119745,20071207,2.83,
SBC,11119745,20071208,2.27,
SBC,11119745,20071209,1.98,
SBC,11119745,20071210,1.70,
SBC,11119745,20071211,1.42,
SBC,11119745,20071212,1.42,
SBC,11119745,20071213,1.13,
SBC,11119745,20071214,1.13,
SBC,11119745,20071215,0.85,
SBC,11119745,20071216,0.85,
SBC,11119745,20071217,0.85,
SBC,11119745,20071218,254.85,
SBC,11119745,20071219,311.49,
SBC,11119745,20071220,19.26,
SBC,11119745,20071221,16.71,
SBC,11119745,20071222,11.33,
SBC,11119745,20071223,9.63,
SBC,11119745,20071224,8.21,
SBC,11119745,20071225,6.80,
SBC,11119745,20071226,5.95,
SBC,11119745,20071227,5.95,
SBC,11119745,20071228,6.23,
SBC,11119745,20071229,6.80,
SBC,11119745,20071230,6.51,
SBC,11119745,20071231,6.51,
SBC,11119745,20080101,5.95,
SBC,11119745,20080102,5.38,
SBC,11119745,20080103,5.38,
SBC,11119745,20080104,4190.89,
SBC,11119745,20080105,1614.06,
SBC,11119745,20080106,566.34,
SBC,11119745,20080107,424.75,
SBC,11119745,20080108,158.57,
SBC,11119745,20080109,87.78,
SBC,11119745,20080110,62.30,
SBC,11119745,20080111,50.97,
SBC,11119745,20080112,39.64,
SBC,11119745,20080113,31.15,
SBC,11119745,20080114,28.32,
SBC,11119745,20080115,24.92,
SBC,11119745,20080116,24.35,
SBC,11119745,20080117,18.97,
SBC,11119745,20080118,16.14,
SBC,11119745,20080119,19.26,
SBC,11119745,20080120,14.72,
SBC,11119745,20080121,13.31,
SBC,11119745,20080122,33.98,
SBC,11119745,20080123,4360.79,
SBC,11119745,20080124,1755.64,
SBC,11119745,20080125,1302.58,
SBC,11119745,20080126,736.24,
SBC,11119745,20080127,4247.53,
SBC,11119745,20080128,2746.73,
SBC,11119745,20080129,792.87,
SBC,11119745,20080130,,M
SBC,11119745,20080131,,M
SBC,11119745,20080201,,M
SBC,11119745,20080202,,M
SBC,11119745,20080203,,M
SBC,11119745,20080204,,M
SBC,11119745,20080205,104.77,
SBC,11119745,20080206,93.45,
SBC,11119745,20080207,79.29,
SBC,11119745,20080208,73.62,
SBC,11119745,20080209,65.13,
SBC,11119745,20080210,59.47,
SBC,11119745,20080211,53.80,
SBC,11119745,20080212,50.97,
SBC,11119745,20080213,67.96,
SBC,11119745,20080214,48.14,
SBC,11119745,20080215,45.31,
SBC,11119745,20080216,42.48,
SBC,11119745,20080217,36.81,
SBC,11119745,20080218,36.81,
SBC,11119745,20080219,33.98,
SBC,11119745,20080220,42.48,
SBC,11119745,20080221,36.81,
SBC,11119745,20080222,39.64,
SBC,11119745,20080223,42.48,
SBC,11119745,20080224,198.22,
SBC,11119745,20080225,90.61,
SBC,11119745,20080226,53.80,
SBC,11119745,20080227,42.48,
SBC,11119745,20080228,36.81,
SBC,11119745,20080229,33.98,
SBC,11119745,20080301,31.15,
SBC,11119745,20080302,31.15,
SBC,11119745,20080303,28.32,
SBC,11119745,20080304,28.32,
SBC,11119745,20080305,27.47,
SBC,11119745,20080306,25.77,
SBC,11119745,20080307,23.22,
SBC,11119745,20080308,21.52,
SBC,11119745,20080309,20.95,
SBC,11119745,20080310,19.26,
SBC,11119745,20080311,18.41,
SBC,11119745,20080312,16.99,
SBC,11119745,20080313,15.29,
SBC,11119745,20080314,16.14,
SBC,11119745,20080315,16.42,
SBC,11119745,20080316,16.42,
SBC,11119745,20080317,19.82,
SBC,11119745,20080318,20.39,
SBC,11119745,20080319,17.27,
SBC,11119745,20080320,11.61,
SBC,11119745,20080321,10.76,
SBC,11119745,20080322,10.19,
SBC,11119745,20080323,9.06,
SBC,11119745,20080324,9.06,
SBC,11119745,20080325,8.50,
SBC,11119745,20080326,8.50,
SBC,11119745,20080327,8.50,
SBC,11119745,20080328,8.21,
SBC,11119745,20080329,8.50,
SBC,11119745,20080330,8.21,
SBC,11119745,20080331,7.65,
SBC,11119745,20080401,8.21,
SBC,11119745,20080402,8.50,
SBC,11119745,20080403,9.34,
SBC,11119745,20080404,9.06,
SBC,11119745,20080405,9.06,
SBC,11119745,20080406,8.50,
SBC,11119745,20080407,8.21,
SBC,11119745,20080408,7.93,
SBC,11119745,20080409,7.36,
SBC,11119745,20080410,7.08,
SBC,11119745,20080411,6.23,
SBC,11119745,20080412,5.66,
SBC,11119745,20080413,4.81,
SBC,11119745,20080414,4.81,
SBC,11119745,20080415,4.53,
SBC,11119745,20080416,4.25,
SBC,11119745,20080417,4.25,
SBC,11119745,20080418,3.96,
SBC,11119745,20080419,4.25,
SBC,11119745,20080420,4.81,
SBC,11119745,20080421,4.81,
SBC,11119745,20080422,4.53,
SBC,11119745,20080423,4.25,
SBC,11119745,20080424,3.68,
SBC,11119745,20080425,2.83,
SBC,11119745,20080426,2.83,
SBC,11119745,20080427,2.83,
SBC,11119745,20080428,2.83,
SBC,11119745,20080429,3.40,
SBC,11119745,20080430,3.68,
SBC,11119745,20080501,3.68,
SBC,11119745,20080502,3.40,
SBC,11119745,20080503,2.83,
SBC,11119745,20080504,2.55,
SBC,11119745,20080505,3.40,
SBC,11119745,20080506,3.96,
SBC,11119745,20080507,4.53,
SBC,11119745,20080508,4.81,
SBC,11119745,20080509,5.10,
SBC,11119745,20080510,5.38,
SBC,11119745,20080511,5.66,
SBC,11119745,20080512,6.51,
SBC,11119745,20080513,6.23,
SBC,11119745,20080514,4.81,
SBC,11119745,20080515,4.81,
SBC,11119745,20080516,3.40,
SBC,11119745,20080517,2.55,
SBC,11119745,20080518,1.70,
SBC,11119745,20080519,1.13,
SBC,11119745,20080520,1.42,
SBC,11119745,20080521,2.27,
SBC,11119745,20080522,1.42,
SBC,11119745,20080523,1.42,
SBC,11119745,20080524,4.25,
SBC,11119745,20080525,3.96,
SBC,11119745,20080526,3.68,
SBC,11119745,20080527,3.40,
SBC,11119745,20080528,2.83,
SBC,11119745,20080529,2.27,
SBC,11119745,20080530,1.98,
SBC,11119745,20080531,1.98,
SBC,11119745,20080601,2.27,
SBC,11119745,20080602,2.27,
SBC,11119745,20080603,2.27,
SBC,11119745,20080604,2.83,
SBC,11119745,20080605,1.70,
SBC,11119745,20080606,1.13,
SBC,11119745,20080607,0.57,
SBC,11119745,20080608,0.57,
SBC,11119745,20080609,1.13,
SBC,11119745,20080610,1.42,
SBC,11119745,20080611,1.98,
SBC,11119745,20080612,1.70,
SBC,11119745,20080613,1.42,
SBC,11119745,20080614,1.70,
SBC,11119745,20080615,1.70,
SBC,11119745,20080616,1.70,
SBC,11119745,20080617,1.13,
SBC,11119745,20080618,0.85,
SBC,11119745,20080619,0.85,
SBC,11119745,20080620,0.85,
SBC,11119745,20080621,0.57,
SBC,11119745,20080622,0.57,
SBC,11119745,20080623,0.85,
SBC,11119745,20080624,0.28,
SBC,11119745,20080625,0.28,
SBC,11119745,20080626,0.28,
SBC,11119745,20080627,0.57,
SBC,11119745,20080628,2.27,
SBC,11119745,20080629,3.40,
SBC,11119745,20080630,3.96,
SBC,11119745,20080701,4.53,
SBC,11119745,20080702,4.81,
SBC,11119745,20080703,5.10,
SBC,11119745,20080704,5.10,
SBC,11119745,20080705,5.38,
SBC,11119745,20080706,5.66,
SBC,11119745,20080707,6.23,
SBC,11119745,20080708,5.95,
SBC,11119745,20080709,7.08,
SBC,11119745,20080710,7.65,
SBC,11119745,20080711,7.93,
SBC,11119745,20080712,7.36,
SBC,11119745,20080713,7.93,
SBC,11119745,20080714,7.65,
SBC,11119745,20080715,7.36,
SBC,11119745,20080716,7.08,
SBC,11119745,20080717,6.80,
SBC,11119745,20080718,6.51,
SBC,11119745,20080719,6.80,
SBC,11119745,20080720,7.08,
SBC,11119745,20080721,7.65,
SBC,11119745,20080722,5.95,
SBC,11119745,20080723,5.10,
SBC,11119745,20080724,5.38,
SBC,11119745,20080725,5.10,
SBC,11119745,20080726,4.53,
SBC,11119745,20080727,5.10,
SBC,11119745,20080728,5.66,
SBC,11119745,20080729,5.66,
SBC,11119745,20080730,5.95,
SBC,11119745,20080731,5.66,
SBC,11119745,20080801,5.95,
SBC,11119745,20080802,4.25,
SBC,11119745,20080803,2.27,
SBC,11119745,20080804,1.42,
SBC,11119745,20080805,1.13,
SBC,11119745,20080806,0.85,
SBC,11119745,20080807,0.57,
SBC,11119745,20080808,0.57,
SBC,11119745,20080809,0.57,
SBC,11119745,20080810,0.57,
SBC,11119745,20080811,0.57,
SBC,11119745,20080812,0.28,
SBC,11119745,20080813,0.28,
SBC,11119745,20080814,2.83,
SBC,11119745,20080815,3.68,
SBC,11119745,20080816,4.53,
SBC,11119745,20080817,5.10,
SBC,11119745,20080818,5.38,
SBC,11119745,20080819,4.53,
SBC,11119745,20080820,3.40,
SBC,11119745,20080821,2.83,
SBC,11119745,20080822,2.55,
SBC,11119745,20080823,2.55,
SBC,11119745,20080824,2.83,
SBC,11119745,20080825,2.83,
SBC,11119745,20080826,2.55,
SBC,11119745,20080827,2.55,
SBC,11119745,20080828,3.11,
SBC,11119745,20080829,1.98,
SBC,11119745,20080830,1.13,
SBC,11119745,20080831,0.85,
SBC,11119745,20080901,0.57,
SBC,11119745,20080902,0.57,
SBC,11119745,20080903,0.57,
SBC,11119745,20080904,0.57,
SBC,11119745,20080905,0.57,
SBC,11119745,20080906,0.57,
SBC,11119745,20080907,0.57,
SBC,11119745,20080908,0.85,
SBC,11119745,20080909,0.85,
SBC,11119745,20080910,1.42,
SBC,11119745,20080911,3.40,
SBC,11119745,20080912,4.25,
SBC,11119745,20080913,4.53,
SBC,11119745,20080914,3.68,
SBC,11119745,20080915,0.57,
SBC,11119745,20080916,0.28,
SBC,11119745,20080917,0.85,
SBC,11119745,20080918,1.13,
SBC,11119745,20080919,1.13,
SBC,11119745,20080920,2.27,
SBC,11119745,20080921,3.11,
SBC,11119745,20080922,3.68,
SBC,11119745,20080923,3.40,
SBC,11119745,20080924,3.96,
SBC,11119745,20080925,4.25,
SBC,11119745,20080926,4.53,
SBC,11119745,20080927,4.81,
SBC,11119745,20080928,5.10,
SBC,11119745,20080929,5.10,
SBC,11119745,20080930,3.11,
SBC,11119745,20081001,1.42,
SBC,11119745,20081002,0.85,
SBC,11119745,20081003,0.85,
SBC,11119745,20081004,1.98,
SBC,11119745,20081005,1.98,
SBC,11119745,20081006,1.42,
SBC,11119745,20081007,0.57,
SBC,11119745,20081008,0.28,
SBC,11119745,20081009,0.00,
SBC,11119745,20081010,0.00,
SBC,11119745,20081011,0.00,
SBC,11119745,20081012,0.00,
SBC,11119745,20081013,0.28,
SBC,11119745,20081014,0.57,
SBC,11119745,20081015,0.00,
SBC,11119745,20081016,0.28,
SBC,11119745,20081017,0.85,
SBC,11119745,20081018,1.13,
SBC,11119745,20081019,0.57,
SBC,11119745,20081020,0.28,
SBC,11119745,20081021,0.28,
SBC,11119745,20081022,0.00,
SBC,11119745,20081023,0.00,
SBC,11119745,20081024,0.00,
SBC,11119745,20081025,0.00,
SBC,11119745,20081026,0.00,
SBC,11119745,20081027,0.28,
SBC,11119745,20081028,1.70,
SBC,11119745,20081029,0.28,
SBC,11119745,20081030,0.28,
SBC,11119745,20081031,0.57,
SBC,11119745,20081101,1.13,
SBC,11119745,20081102,1.98,
SBC,11119745,20081103,1.70,
SBC,11119745,20081104,3.11,
SBC,11119745,20081105,1.70,
SBC,11119745,20081106,1.42,
SBC,11119745,20081107,1.42,
SBC,11119745,20081108,1.42,
SBC,11119745,20081109,1.42,
SBC,11119745,20081110,1.13,
SBC,11119745,20081111,1.13,
SBC,11119745,20081112,1.13,
SBC,11119745,20081113,1.42,
SBC,11119745,20081114,1.42,
SBC,11119745,20081115,8.21,
SBC,11119745,20081116,4.53,
SBC,11119745,20081117,3.11,
SBC,11119745,20081118,3.11,
SBC,11119745,20081119,5.38,
SBC,11119745,20081120,4.81,
SBC,11119745,20081121,2.83,
SBC,11119745,20081122,1.98,
SBC,11119745,20081123,2.27,
SBC,11119745,20081124,3.11,
SBC,11119745,20081125,3.68,
SBC,11119745,20081126,26.62,
SBC,11119745,20081127,11.33,
SBC,11119745,20081128,7.65,
SBC,11119745,20081129,13.03,
SBC,11119745,20081130,6.23,
SBC,11119745,20081201,5.95,
SBC,11119745,20081202,5.95,
SBC,11119745,20081203,7.65,
SBC,11119745,20081204,10.76,
SBC,11119745,20081205,10.76,
SBC,11119745,20081206,10.19,
SBC,11119745,20081207,10.48,
SBC,11119745,20081208,10.76,
SBC,11119745,20081209,9.34,
SBC,11119745,20081210,7.36,
SBC,11119745,20081211,7.65,
SBC,11119745,20081212,7.93,
SBC,11119745,20081213,8.78,
SBC,11119745,20081214,9.63,
SBC,11119745,20081215,189.72,
SBC,11119745,20081216,20.95,
SBC,11119745,20081217,13.88,
SBC,11119745,20081218,10.48,
SBC,11119745,20081219,8.50,
SBC,11119745,20081220,7.65,
SBC,11119745,20081221,7.08,
SBC,11119745,20081222,9.63,
SBC,11119745,20081223,8.78,
SBC,11119745,20081224,7.93,
SBC,11119745,20081225,7.93,
SBC,11119745,20081226,7.93,
SBC,11119745,20081227,6.80,
SBC,11119745,20081228,5.95,
SBC,11119745,20081229,6.23,
SBC,11119745,20081230,5.95,
SBC,11119745,20081231,5.38,
SBC,11119745,20090101,5.10,
SBC,11119745,20090102,5.38,
SBC,11119745,20090103,5.10,
SBC,11119745,20090104,5.10,
SBC,11119745,20090105,4.53,
SBC,11119745,20090106,3.96,
SBC,11119745,20090107,3.96,
SBC,11119745,20090108,3.96,
SBC,11119745,20090109,4.25,
SBC,11119745,20090110,3.40,
SBC,11119745,20090111,3.11,
SBC,11119745,20090112,2.83,
SBC,11119745,20090113,2.83,
SBC,11119745,20090114,2.83,
SBC,11119745,20090115,2.55,
SBC,11119745,20090116,2.27,
SBC,11119745,20090117,2.27,
SBC,11119745,20090118,2.27,
SBC,11119745,20090119,2.55,
SBC,11119745,20090120,2.27,
SBC,11119745,20090121,2.27,
!LTER_Site,Station,Date,Daily_Discharge_Mean_Lps,Flag_Daily_Discharge_Mean_Lps
SBC,11119750,20071004,0.00,
SBC,11119750,20071005,0.00,
SBC,11119750,20071006,0.00,
SBC,11119750,20071007,0.00,
SBC,11119750,20071008,0.00,
SBC,11119750,20071009,0.00,
SBC,11119750,20071010,0.00,
SBC,11119750,20071011,0.00,
SBC,11119750,20071012,0.00,
SBC,11119750,20071013,0.00,
SBC,11119750,20071014,0.00,
SBC,11119750,20071015,0.00,
SBC,11119750,20071016,0.00,
SBC,11119750,20071017,0.00,
SBC,11119750,20071018,0.00,
SBC,11119750,20071019,0.00,
SBC,11119750,20071020,0.00,
SBC,11119750,20071021,0.00,
SBC,11119750,20071022,0.00,
SBC,11119750,20071023,0.00,
SBC,11119750,20071024,0.00,
SBC,11119750,20071025,0.00,
SBC,11119750,20071026,0.00,
SBC,11119750,20071027,0.00,
SBC,11119750,20071028,0.00,
SBC,11119750,20071029,0.00,
SBC,11119750,20071030,0.00,
SBC,11119750,20071031,0.00,
SBC,11119750,20071101,0.00,
SBC,11119750,20071102,0.00,
SBC,11119750,20071103,0.00,
SBC,11119750,20071104,0.00,
SBC,11119750,20071105,0.00,
SBC,11119750,20071106,0.00,
SBC,11119750,20071107,0.00,
SBC,11119750,20071108,0.00,
SBC,11119750,20071109,0.00,
SBC,11119750,20071110,0.00,
SBC,11119750,20071111,0.00,
SBC,11119750,20071112,0.00,
SBC,11119750,20071113,0.00,
SBC,11119750,20071114,0.00,
SBC,11119750,20071115,0.00,
SBC,11119750,20071116,0.00,
SBC,11119750,20071117,0.00,
SBC,11119750,20071118,0.00,
SBC,11119750,20071119,0.00,
SBC,11119750,20071120,1.98,
SBC,11119750,20071121,0.00,
SBC,11119750,20071122,0.00,
SBC,11119750,20071123,0.00,
SBC,11119750,20071124,0.00,
SBC,11119750,20071125,0.00,
SBC,11119750,20071126,0.00,
SBC,11119750,20071127,0.00,
SBC,11119750,20071128,0.00,
SBC,11119750,20071129,0.00,
SBC,11119750,20071130,0.00,
SBC,11119750,20071201,0.00,
SBC,11119750,20071202,0.00,
SBC,11119750,20071203,0.00,
SBC,11119750,20071204,0.00,
SBC,11119750,20071205,0.00,
SBC,11119750,20071206,0.00,
SBC,11119750,20071207,0.85,
SBC,11119750,20071208,0.00,
SBC,11119750,20071209,0.00,
SBC,11119750,20071210,0.00,
SBC,11119750,20071211,0.00,
SBC,11119750,20071212,0.00,
SBC,11119750,20071213,0.00,
SBC,11119750,20071214,0.00,
SBC,11119750,20071215,0.00,
SBC,11119750,20071216,0.00,
SBC,11119750,20071217,0.00,
SBC,11119750,20071218,651.29,
SBC,11119750,20071219,339.80,
SBC,11119750,20071220,2.55,
SBC,11119750,20071221,0.00,
SBC,11119750,20071222,0.00,
SBC,11119750,20071223,0.00,
SBC,11119750,20071224,0.00,
SBC,11119750,20071225,0.00,
SBC,11119750,20071226,0.00,
SBC,11119750,20071227,0.00,
SBC,11119750,20071228,0.00,
SBC,11119750,20071229,0.00,
SBC,11119750,20071230,0.00,
SBC,11119750,20071231,0.00,
SBC,11119750,20080101,0.00,
SBC,11119750,20080102,0.00,
SBC,11119750,20080103,0.00,
SBC,11119750,20080104,4842.18,
SBC,11119750,20080105,1557.43,
SBC,11119750,20080106,594.65,
SBC,11119750,20080107,368.12,
SBC,11119750,20080108,118.93,
SBC,11119750,20080109,39.64,
SBC,11119750,20080110,10.19,
SBC,11119750,20080111,0.57,
SBC,11119750,20080112,0.00,
SBC,11119750,20080113,0.00,
SBC,11119750,20080114,0.00,
SBC,11119750,20080115,0.00,
SBC,11119750,20080116,0.00,
SBC,11119750,20080117,0.00,
SBC,11119750,20080118,0.00,
SBC,11119750,20080119,0.00,
SBC,11119750,20080120,0.00,
SBC,11119750,20080121,0.00,
SBC,11119750,20080122,172.73,
SBC,11119750,20080123,5125.35,
SBC,11119750,20080124,2010.50,
SBC,11119750,20080125,1302.58,
SBC,11119750,20080126,736.24,
SBC,11119750,20080127,4247.53,
SBC,11119750,20080128,2916.64,
SBC,11119750,20080129,821.19,
SBC,11119750,20080130,453.07,
SBC,11119750,20080131,311.49,
SBC,11119750,20080201,218.04,
SBC,11119750,20080202,161.41,
SBC,11119750,20080203,339.80,
SBC,11119750,20080204,152.91,
SBC,11119750,20080205,113.27,
SBC,11119750,20080206,87.78,
SBC,11119750,20080207,56.63,
SBC,11119750,20080208,27.47,
SBC,11119750,20080209,10.48,
SBC,11119750,20080210,1.13,
SBC,11119750,20080211,0.00,
SBC,11119750,20080212,0.00,
SBC,11119750,20080213,39.64,
SBC,11119750,20080214,21.24,
SBC,11119750,20080215,16.14,
SBC,11119750,20080216,24.35,
SBC,11119750,20080217,19.26,
SBC,11119750,20080218,4.53,
SBC,11119750,20080219,0.00,
SBC,11119750,20080220,50.97,
SBC,11119750,20080221,18.97,
SBC,11119750,20080222,18.41,
SBC,11119750,20080223,99.11,
SBC,11119750,20080224,368.12,
SBC,11119750,20080225,116.10,
SBC,11119750,20080226,48.14,
SBC,11119750,20080227,31.15,
SBC,11119750,20080228,24.64,
SBC,11119750,20080229,13.59,
SBC,11119750,20080301,0.57,
SBC,11119750,20080302,0.00,
SBC,11119750,20080303,0.00,
SBC,11119750,20080304,0.00,
SBC,11119750,20080305,0.00,
SBC,11119750,20080306,0.00,
SBC,11119750,20080307,0.00,
SBC,11119750,20080308,0.00,
SBC,11119750,20080309,0.00,
SBC,11119750,20080310,0.00,
SBC,11119750,20080311,0.00,
SBC,11119750,20080312,0.00,
SBC,11119750,20080313,0.00,
SBC,11119750,20080314,0.00,
SBC,11119750,20080315,0.00,
SBC,11119750,20080316,0.00,
SBC,11119750,20080317,0.00,
SBC,11119750,20080318,0.00,
SBC,11119750,20080319,0.00,
SBC,11119750,20080320,0.00,
SBC,11119750,20080321,0.00,
SBC,11119750,20080322,0.00,
SBC,11119750,20080323,0.00,
SBC,11119750,20080324,0.00,
SBC,11119750,20080325,0.00,
SBC,11119750,20080326,0.00,
SBC,11119750,20080327,0.00,
SBC,11119750,20080328,0.00,
SBC,11119750,20080329,0.00,
SBC,11119750,20080330,0.00,
SBC,11119750,20080331,0.00,
SBC,11119750,20080401,0.00,
SBC,11119750,20080402,0.00,
SBC,11119750,20080403,0.00,
SBC,11119750,20080404,0.00,
SBC,11119750,20080405,0.00,
SBC,11119750,20080406,0.00,
SBC,11119750,20080407,0.00,
SBC,11119750,20080408,0.00,
SBC,11119750,20080409,0.00,
SBC,11119750,20080410,0.00,
SBC,11119750,20080411,0.00,
SBC,11119750,20080412,0.00,
SBC,11119750,20080413,0.00,
SBC,11119750,20080414,0.00,
SBC,11119750,20080415,0.00,
SBC,11119750,20080416,0.00,
SBC,11119750,20080417,0.00,
SBC,11119750,20080418,0.00,
SBC,11119750,20080419,0.00,
SBC,11119750,20080420,0.00,
SBC,11119750,20080421,0.00,
SBC,11119750,20080422,0.00,
SBC,11119750,20080423,0.00,
SBC,11119750,20080424,0.00,
SBC,11119750,20080425,0.00,
SBC,11119750,20080426,0.00,
SBC,11119750,20080427,0.00,
SBC,11119750,20080428,0.00,
SBC,11119750,20080429,0.00,
SBC,11119750,20080430,0.00,
SBC,11119750,20080501,0.00,
SBC,11119750,20080502,0.00,
SBC,11119750,20080503,0.00,
SBC,11119750,20080504,0.00,
SBC,11119750,20080505,0.00,
SBC,11119750,20080506,0.00,
SBC,11119750,20080507,0.00,
SBC,11119750,20080508,0.00,
SBC,11119750,20080509,0.00,
SBC,11119750,20080510,0.00,
SBC,11119750,20080511,0.00,
SBC,11119750,20080512,0.00,
SBC,11119750,20080513,0.00,
SBC,11119750,20080514,0.00,
SBC,11119750,20080515,0.00,
SBC,11119750,20080516,0.00,
SBC,11119750,20080517,0.00,
SBC,11119750,20080518,0.00,
SBC,11119750,20080519,0.00,
SBC,11119750,20080520,0.00,
SBC,11119750,20080521,0.00,
SBC,11119750,20080522,0.00,
SBC,11119750,20080523,0.00,
SBC,11119750,20080524,0.00,
SBC,11119750,20080525,0.00,
SBC,11119750,20080526,0.00,
SBC,11119750,20080527,0.00,
SBC,11119750,20080528,0.00,
SBC,11119750,20080529,0.00,
SBC,11119750,20080530,0.00,
SBC,11119750,20080531,0.00,
SBC,11119750,20080601,0.00,
SBC,11119750,20080602,0.00,
SBC,11119750,20080603,0.00,
SBC,11119750,20080604,0.00,
SBC,11119750,20080605,0.00,
SBC,11119750,20080606,0.00,
SBC,11119750,20080607,0.00,
SBC,11119750,20080608,0.00,
SBC,11119750,20080609,0.00,
SBC,11119750,20080610,0.00,
SBC,11119750,20080611,0.00,
SBC,11119750,20080612,0.00,
SBC,11119750,20080613,0.00,
SBC,11119750,20080614,0.00,
SBC,11119750,20080615,0.00,
SBC,11119750,20080616,0.00,
SBC,11119750,20080617,0.00,
SBC,11119750,20080618,0.00,
SBC,11119750,20080619,0.00,
SBC,11119750,20080620,0.00,
SBC,11119750,20080621,0.00,
SBC,11119750,20080622,0.00,
SBC,11119750,20080623,0.00,
SBC,11119750,20080624,0.00,
SBC,11119750,20080625,0.00,
SBC,11119750,20080626,0.00,
SBC,11119750,20080627,0.00,
SBC,11119750,20080628,0.00,
SBC,11119750,20080629,0.00,
SBC,11119750,20080630,0.00,
SBC,11119750,20080701,0.00,
SBC,11119750,20080702,0.00,
SBC,11119750,20080703,0.00,
SBC,11119750,20080704,0.00,
SBC,11119750,20080705,0.00,
SBC,11119750,20080706,0.00,
SBC,11119750,20080707,0.00,
SBC,11119750,20080708,0.00,
SBC,11119750,20080709,0.00,
SBC,11119750,20080710,0.00,
SBC,11119750,20080711,0.00,
SBC,11119750,20080712,0.00,
SBC,11119750,20080713,0.00,
SBC,11119750,20080714,0.00,
SBC,11119750,20080715,0.00,
SBC,11119750,20080716,0.00,
SBC,11119750,20080717,0.00,
SBC,11119750,20080718,0.00,
SBC,11119750,20080719,0.00,
SBC,11119750,20080720,0.00,
SBC,11119750,20080721,0.00,
SBC,11119750,20080722,0.00,
SBC,11119750,20080723,0.00,
SBC,11119750,20080724,0.00,
SBC,11119750,20080725,0.00,
SBC,11119750,20080726,0.00,
SBC,11119750,20080727,0.00,
SBC,11119750,20080728,0.00,
SBC,11119750,20080729,0.00,
SBC,11119750,20080730,0.00,
SBC,11119750,20080731,0.00,
SBC,11119750,20080801,0.00,
SBC,11119750,20080802,0.00,
SBC,11119750,20080803,0.00,
SBC,11119750,20080804,0.00,
SBC,11119750,20080805,0.00,
SBC,11119750,20080806,0.00,
SBC,11119750,20080807,0.00,
SBC,11119750,20080808,0.00,
SBC,11119750,20080809,0.00,
SBC,11119750,20080810,0.00,
SBC,11119750,20080811,0.00,
SBC,11119750,20080812,0.00,
SBC,11119750,20080813,0.00,
SBC,11119750,20080814,0.00,
SBC,11119750,20080815,0.00,
SBC,11119750,20080816,0.00,
SBC,11119750,20080817,0.00,
SBC,11119750,20080818,0.00,
SBC,11119750,20080819,0.00,
SBC,11119750,20080820,0.00,
SBC,11119750,20080821,0.00,
SBC,11119750,20080822,0.00,
SBC,11119750,20080823,0.00,
SBC,11119750,20080824,0.00,
SBC,11119750,20080825,0.00,
SBC,11119750,20080826,0.00,
SBC,11119750,20080827,0.00,
SBC,11119750,20080828,0.00,
SBC,11119750,20080829,0.00,
SBC,11119750,20080830,0.00,
SBC,11119750,20080831,0.00,
SBC,11119750,20080901,0.00,
SBC,11119750,20080902,0.00,
SBC,11119750,20080903,0.00,
SBC,11119750,20080904,0.00,
SBC,11119750,20080905,0.00,
SBC,11119750,20080906,0.00,
SBC,11119750,20080907,0.00,
SBC,11119750,20080908,0.00,
SBC,11119750,20080909,0.00,
SBC,11119750,20080910,0.00,
SBC,11119750,20080911,0.00,
SBC,11119750,20080912,0.00,
SBC,11119750,20080913,0.00,
SBC,11119750,20080914,0.00,
SBC,11119750,20080915,0.00,
SBC,11119750,20080916,0.00,
SBC,11119750,20080917,0.00,
SBC,11119750,20080918,0.00,
SBC,11119750,20080919,0.00,
SBC,11119750,20080920,0.00,
SBC,11119750,20080921,0.00,
SBC,11119750,20080922,0.00,
SBC,11119750,20080923,0.00,
SBC,11119750,20080924,0.00,
SBC,11119750,20080925,0.00,
SBC,11119750,20080926,0.00,
SBC,11119750,20080927,0.00,
SBC,11119750,20080928,0.00,
SBC,11119750,20080929,0.00,
SBC,11119750,20080930,0.00,
SBC,11119750,20081001,0.00,
SBC,11119750,20081002,0.00,
SBC,11119750,20081003,0.00,
SBC,11119750,20081004,0.00,
SBC,11119750,20081005,0.00,
SBC,11119750,20081006,0.00,
SBC,11119750,20081007,0.00,
SBC,11119750,20081008,0.00,
SBC,11119750,20081009,0.00,
SBC,11119750,20081010,0.00,
SBC,11119750,20081011,0.00,
SBC,11119750,20081012,0.00,
SBC,11119750,20081013,0.00,
SBC,11119750,20081014,0.00,
SBC,11119750,20081015,0.00,
SBC,11119750,20081016,0.00,
SBC,11119750,20081017,0.00,
SBC,11119750,20081018,0.00,
SBC,11119750,20081019,0.00,
SBC,11119750,20081020,0.00,
SBC,11119750,20081021,0.00,
SBC,11119750,20081022,0.00,
SBC,11119750,20081023,0.00,
SBC,11119750,20081024,0.00,
SBC,11119750,20081025,0.00,
SBC,11119750,20081026,0.00,
SBC,11119750,20081027,0.00,
SBC,11119750,20081028,0.00,
SBC,11119750,20081029,0.00,
SBC,11119750,20081030,0.00,
SBC,11119750,20081031,0.00,
SBC,11119750,20081101,0.00,
SBC,11119750,20081102,0.00,
SBC,11119750,20081103,0.00,
SBC,11119750,20081104,19.26,
SBC,11119750,20081105,0.00,
SBC,11119750,20081106,0.00,
SBC,11119750,20081107,0.00,
SBC,11119750,20081108,0.00,
SBC,11119750,20081109,0.00,
SBC,11119750,20081110,0.00,
SBC,11119750,20081111,0.00,
SBC,11119750,20081112,0.00,
SBC,11119750,20081113,0.00,
SBC,11119750,20081114,0.00,
SBC,11119750,20081115,0.00,
SBC,11119750,20081116,0.00,
SBC,11119750,20081117,0.00,
SBC,11119750,20081118,0.00,
SBC,11119750,20081119,0.00,
SBC,11119750,20081120,0.00,
SBC,11119750,20081121,0.00,
SBC,11119750,20081122,0.00,
SBC,11119750,20081123,0.00,
SBC,11119750,20081124,0.00,
SBC,11119750,20081125,9.34,
SBC,11119750,20081126,138.75,
SBC,11119750,20081127,0.28,
SBC,11119750,20081128,0.00,
SBC,11119750,20081129,0.00,
SBC,11119750,20081130,0.00,
SBC,11119750,20081201,0.00,
SBC,11119750,20081202,0.00,
SBC,11119750,20081203,0.00,
SBC,11119750,20081204,0.00,
SBC,11119750,20081205,0.00,
SBC,11119750,20081206,0.00,
SBC,11119750,20081207,0.00,
SBC,11119750,20081208,,M
SBC,11119750,20081209,0.00,
SBC,11119750,20081210,0.00,
SBC,11119750,20081211,0.00,
SBC,11119750,20081212,0.00,
SBC,11119750,20081213,0.00,
SBC,11119750,20081214,3.11,
SBC,11119750,20081215,453.07,
SBC,11119750,20081216,0.00,
SBC,11119750,20081217,0.00,
SBC,11119750,20081218,0.00,
SBC,11119750,20081219,0.00,
SBC,11119750,20081220,0.00,
SBC,11119750,20081221,0.00,
SBC,11119750,20081222,1.70,
SBC,11119750,20081223,0.00,
SBC,11119750,20081224,0.00,
SBC,11119750,20081225,0.00,
SBC,11119750,20081226,0.00,
SBC,11119750,20081227,0.00,
SBC,11119750,20081228,0.00,
SBC,11119750,20081229,0.00,
SBC,11119750,20081230,0.00,
SBC,11119750,20081231,0.00,
SBC,11119750,20090101,0.00,
SBC,11119750,20090102,0.00,
SBC,11119750,20090103,0.00,
SBC,11119750,20090104,0.00,
SBC,11119750,20090105,0.00,
SBC,11119750,20090106,0.00,
SBC,11119750,20090107,0.00,
SBC,11119750,20090108,0.00,
SBC,11119750,20090109,0.00,
SBC,11119750,20090110,0.00,
SBC,11119750,20090111,0.00,
SBC,11119750,20090112,0.00,
SBC,11119750,20090113,0.00,
SBC,11119750,20090114,0.00,
SBC,11119750,20090115,0.00,
SBC,11119750,20090116,0.00,
SBC,11119750,20090117,0.00,
SBC,11119750,20090118,0.00,
SBC,11119750,20090119,0.00,
SBC,11119750,20090120,0.00,
SBC,11119750,20090121,0.00,
!LTER_Site,Station,Date,Daily_Discharge_Mean_Lps,Flag_Daily_Discharge_Mean_Lps
SBC,11119940,20071105,0.00,
SBC,11119940,20071106,0.00,
SBC,11119940,20071107,0.00,
SBC,11119940,20071108,0.00,
SBC,11119940,20071109,0.00,
SBC,11119940,20071110,0.00,
SBC,11119940,20071111,0.00,
SBC,11119940,20071112,0.00,
SBC,11119940,20071113,0.00,
SBC,11119940,20071114,0.00,
SBC,11119940,20071115,0.00,
SBC,11119940,20071116,0.00,
SBC,11119940,20071117,0.00,
SBC,11119940,20071118,0.00,
SBC,11119940,20071119,0.00,
SBC,11119940,20071120,0.00,
SBC,11119940,20071121,0.00,
SBC,11119940,20071122,0.00,
SBC,11119940,20071123,0.00,
SBC,11119940,20071124,0.00,
SBC,11119940,20071125,0.00,
SBC,11119940,20071126,0.00,
SBC,11119940,20071127,0.00,
SBC,11119940,20071128,0.00,
SBC,11119940,20071129,0.00,
SBC,11119940,20071130,0.00,
SBC,11119940,20071201,0.00,
SBC,11119940,20071202,0.00,
SBC,11119940,20071203,0.00,
SBC,11119940,20071204,0.00,
SBC,11119940,20071205,0.00,
SBC,11119940,20071206,0.00,
SBC,11119940,20071207,0.00,
SBC,11119940,20071208,0.00,
SBC,11119940,20071209,0.00,
SBC,11119940,20071210,0.00,
SBC,11119940,20071211,0.00,
SBC,11119940,20071212,0.00,
SBC,11119940,20071213,0.00,
SBC,11119940,20071214,0.00,
SBC,11119940,20071215,0.00,
SBC,11119940,20071216,0.00,
SBC,11119940,20071217,0.00,
SBC,11119940,20071218,509.70,
SBC,11119940,20071219,368.12,
SBC,11119940,20071220,11.33,
SBC,11119940,20071221,1.13,
SBC,11119940,20071222,0.00,
SBC,11119940,20071223,0.00,
SBC,11119940,20071224,0.00,
SBC,11119940,20071225,0.00,
SBC,11119940,20071226,0.00,
SBC,11119940,20071227,0.00,
SBC,11119940,20071228,0.00,
SBC,11119940,20071229,0.00,
SBC,11119940,20071230,0.00,
SBC,11119940,20071231,0.00,
SBC,11119940,20080101,0.00,
SBC,11119940,20080102,0.00,
SBC,11119940,20080103,0.00,
SBC,11119940,20080104,3766.14,
SBC,11119940,20080105,1104.36,
SBC,11119940,20080106,538.02,
SBC,11119940,20080107,274.67,
SBC,11119940,20080108,50.97,
SBC,11119940,20080109,24.07,
SBC,11119940,20080110,15.29,
SBC,11119940,20080111,9.34,
SBC,11119940,20080112,5.66,
SBC,11119940,20080113,3.68,
SBC,11119940,20080114,2.55,
SBC,11119940,20080115,2.27,
SBC,11119940,20080116,1.42,
SBC,11119940,20080117,1.13,
SBC,11119940,20080118,1.13,
SBC,11119940,20080119,0.85,
SBC,11119940,20080120,0.85,
SBC,11119940,20080121,0.57,
SBC,11119940,20080122,39.64,
SBC,11119940,20080123,3596.24,
SBC,11119940,20080124,1245.94,
SBC,11119940,20080125,594.65,
SBC,11119940,20080126,339.80,
SBC,11119940,20080127,6711.09,
SBC,11119940,20080128,2180.40,
SBC,11119940,20080129,368.12,
SBC,11119940,20080130,175.56,
SBC,11119940,20080131,107.60,
SBC,11119940,20080201,76.46,
SBC,11119940,20080202,56.63,
SBC,11119940,20080203,206.71,
SBC,11119940,20080204,93.45,
SBC,11119940,20080205,62.30,
SBC,11119940,20080206,48.14,
SBC,11119940,20080207,42.48,
SBC,11119940,20080208,36.81,
SBC,11119940,20080209,33.98,
SBC,11119940,20080210,31.15,
SBC,11119940,20080211,27.75,
SBC,11119940,20080212,26.33,
SBC,11119940,20080213,23.50,
SBC,11119940,20080214,22.09,
SBC,11119940,20080215,19.82,
SBC,11119940,20080216,21.52,
SBC,11119940,20080217,19.82,
SBC,11119940,20080218,19.54,
SBC,11119940,20080219,16.42,
SBC,11119940,20080220,33.98,
SBC,11119940,20080221,24.92,
SBC,11119940,20080222,31.15,
SBC,11119940,20080223,59.47,
SBC,11119940,20080224,424.75,
SBC,11119940,20080225,116.10,
SBC,11119940,20080226,50.97,
SBC,11119940,20080227,33.98,
SBC,11119940,20080228,31.15,
SBC,11119940,20080229,24.64,
SBC,11119940,20080301,17.27,
SBC,11119940,20080302,11.89,
SBC,11119940,20080303,9.34,
SBC,11119940,20080304,9.34,
SBC,11119940,20080305,7.65,
SBC,11119940,20080306,5.10,
SBC,11119940,20080307,4.81,
SBC,11119940,20080308,3.96,
SBC,11119940,20080309,2.83,
SBC,11119940,20080310,1.70,
SBC,11119940,20080311,1.70,
SBC,11119940,20080312,2.27,
SBC,11119940,20080313,2.83,
SBC,11119940,20080314,11.33,
SBC,11119940,20080315,5.38,
SBC,11119940,20080316,9.91,
SBC,11119940,20080317,11.33,
SBC,11119940,20080318,6.51,
SBC,11119940,20080319,0.57,
SBC,11119940,20080320,0.00,
SBC,11119940,20080321,0.57,
SBC,11119940,20080322,0.00,
SBC,11119940,20080323,0.28,
SBC,11119940,20080324,1.13,
SBC,11119940,20080325,0.00,
SBC,11119940,20080326,0.00,
SBC,11119940,20080327,0.00,
SBC,11119940,20080328,0.00,
SBC,11119940,20080329,0.00,
SBC,11119940,20080330,0.00,
SBC,11119940,20080331,0.00,
SBC,11119940,20080401,0.28,
SBC,11119940,20080402,1.98,
SBC,11119940,20080403,3.40,
SBC,11119940,20080404,2.27,
SBC,11119940,20080405,2.27,
SBC,11119940,20080406,0.00,
SBC,11119940,20080407,0.00,
SBC,11119940,20080408,0.00,
SBC,11119940,20080409,0.00,
SBC,11119940,20080410,0.00,
SBC,11119940,20080411,0.00,
SBC,11119940,20080412,0.00,
SBC,11119940,20080413,0.00,
SBC,11119940,20080414,0.00,
SBC,11119940,20080415,0.00,
SBC,11119940,20080416,0.00,
SBC,11119940,20080417,0.00,
SBC,11119940,20080418,0.00,
SBC,11119940,20080419,0.00,
SBC,11119940,20080420,0.00,
SBC,11119940,20080421,0.00,
SBC,11119940,20080422,0.00,
SBC,11119940,20080423,0.00,
SBC,11119940,20080424,0.00,
SBC,11119940,20080425,0.00,
SBC,11119940,20080426,0.00,
SBC,11119940,20080427,0.00,
SBC,11119940,20080428,0.00,
SBC,11119940,20080429,0.00,
SBC,11119940,20080430,0.00,
SBC,11119940,20080501,0.00,
SBC,11119940,20080502,0.00,
SBC,11119940,20080503,0.00,
SBC,11119940,20080504,0.00,
SBC,11119940,20080505,0.00,
SBC,11119940,20080506,0.00,
SBC,11119940,20080507,0.00,
SBC,11119940,20080508,0.00,
SBC,11119940,20080509,0.00,
SBC,11119940,20080510,0.00,
SBC,11119940,20080511,0.00,
SBC,11119940,20080512,0.00,
SBC,11119940,20080513,0.00,
SBC,11119940,20080514,0.00,
SBC,11119940,20080515,0.00,
SBC,11119940,20080516,0.00,
SBC,11119940,20080517,0.00,
SBC,11119940,20080518,0.00,
SBC,11119940,20080519,0.00,
SBC,11119940,20080520,0.00,
SBC,11119940,20080521,0.00,
SBC,11119940,20080522,0.00,
SBC,11119940,20080523,0.00,
SBC,11119940,20080524,0.00,
SBC,11119940,20080525,0.00,
SBC,11119940,20080526,0.00,
SBC,11119940,20080527,0.00,
SBC,11119940,20080528,0.00,
SBC,11119940,20080529,0.00,
SBC,11119940,20080530,0.00,
SBC,11119940,20080531,0.00,
SBC,11119940,20080601,0.00,
SBC,11119940,20080602,0.00,
SBC,11119940,20080603,0.00,
SBC,11119940,20080604,0.00,
SBC,11119940,20080605,0.00,
SBC,11119940,20080606,0.00,
SBC,11119940,20080607,0.00,
SBC,11119940,20080608,0.00,
SBC,11119940,20080609,0.00,
SBC,11119940,20080610,0.00,
SBC,11119940,20080611,0.00,
SBC,11119940,20080612,0.00,
SBC,11119940,20080613,0.00,
SBC,11119940,20080614,0.00,
SBC,11119940,20080615,0.00,
SBC,11119940,20080616,0.00,
SBC,11119940,20080617,0.00,
SBC,11119940,20080618,0.00,
SBC,11119940,20080619,0.00,
SBC,11119940,20080620,0.00,
SBC,11119940,20080621,0.00,
SBC,11119940,20080622,0.00,
SBC,11119940,20080623,0.00,
SBC,11119940,20080624,0.00,
SBC,11119940,20080625,0.00,
SBC,11119940,20080626,0.00,
SBC,11119940,20080627,0.00,
SBC,11119940,20080628,0.00,
SBC,11119940,20080629,0.00,
SBC,11119940,20080630,0.00,
SBC,11119940,20080701,0.00,
SBC,11119940,20080702,0.00,
SBC,11119940,20080703,0.00,
SBC,11119940,20080704,0.00,
SBC,11119940,20080705,0.00,
SBC,11119940,20080706,0.00,
SBC,11119940,20080707,0.00,
SBC,11119940,20080708,0.00,
SBC,11119940,20080709,0.00,
SBC,11119940,20080710,0.00,
SBC,11119940,20080711,0.00,
SBC,11119940,20080712,0.00,
SBC,11119940,20080713,0.00,
SBC,11119940,20080714,0.00,
SBC,11119940,20080715,0.00,
SBC,11119940,20080716,0.00,
SBC,11119940,20080717,0.00,
SBC,11119940,20080718,0.00,
SBC,11119940,20080719,0.00,
SBC,11119940,20080720,0.00,
SBC,11119940,20080721,0.00,
SBC,11119940,20080722,0.00,
SBC,11119940,20080723,0.00,
SBC,11119940,20080724,0.00,
SBC,11119940,20080725,0.00,
SBC,11119940,20080726,0.00,
SBC,11119940,20080727,0.00,
SBC,11119940,20080728,0.00,
SBC,11119940,20080729,0.00,
SBC,11119940,20080730,0.00,
SBC,11119940,20080731,0.00,
SBC,11119940,20080801,0.00,
SBC,11119940,20080802,0.00,
SBC,11119940,20080803,0.00,
SBC,11119940,20080804,0.00,
SBC,11119940,20080805,0.00,
SBC,11119940,20080806,0.00,
SBC,11119940,20080807,0.00,
SBC,11119940,20080808,0.00,
SBC,11119940,20080809,0.00,
SBC,11119940,20080810,0.00,
SBC,11119940,20080811,0.00,
SBC,11119940,20080812,0.00,
SBC,11119940,20080813,0.00,
SBC,11119940,20080814,0.00,
SBC,11119940,20080815,0.00,
SBC,11119940,20080816,0.00,
SBC,11119940,20080817,0.00,
SBC,11119940,20080818,0.00,
SBC,11119940,20080819,0.00,
SBC,11119940,20080820,0.00,
SBC,11119940,20080821,0.00,
SBC,11119940,20080822,0.00,
SBC,11119940,20080823,0.00,
SBC,11119940,20080824,0.00,
SBC,11119940,20080825,0.00,
SBC,11119940,20080826,0.00,
SBC,11119940,20080827,0.00,
SBC,11119940,20080828,0.00,
SBC,11119940,20080829,0.00,
SBC,11119940,20080830,0.00,
SBC,11119940,20080831,0.00,
SBC,11119940,20080901,0.00,
SBC,11119940,20080902,0.00,
SBC,11119940,20080903,0.00,
SBC,11119940,20080904,0.00,
SBC,11119940,20080905,0.00,
SBC,11119940,20080906,0.00,
SBC,11119940,20080907,0.00,
SBC,11119940,20080908,0.00,
SBC,11119940,20080909,0.00,
SBC,11119940,20080910,0.00,
SBC,11119940,20080911,0.00,
SBC,11119940,20080912,0.00,
SBC,11119940,20080913,0.00,
SBC,11119940,20080914,0.00,
SBC,11119940,20080915,0.00,
SBC,11119940,20080916,0.00,
SBC,11119940,20080917,0.00,
SBC,11119940,20080918,0.00,
SBC,11119940,20080919,0.00,
SBC,11119940,20080920,0.00,
SBC,11119940,20080921,0.00,
SBC,11119940,20080922,0.00,
SBC,11119940,20080923,0.00,
SBC,11119940,20080924,0.00,
SBC,11119940,20080925,0.00,
SBC,11119940,20080926,0.00,
SBC,11119940,20080927,0.00,
SBC,11119940,20080928,0.00,
SBC,11119940,20080929,0.00,
SBC,11119940,20080930,0.00,
SBC,11119940,20081001,0.00,
SBC,11119940,20081002,0.00,
SBC,11119940,20081003,0.00,
SBC,11119940,20081004,0.00,
SBC,11119940,20081005,,M
SBC,11119940,20081006,,M
SBC,11119940,20081007,0.00,
SBC,11119940,20081008,0.00,
SBC,11119940,20081009,0.00,
SBC,11119940,20081010,0.00,
SBC,11119940,20081011,0.00,
SBC,11119940,20081012,0.00,
SBC,11119940,20081013,0.00,
SBC,11119940,20081014,0.00,
SBC,11119940,20081015,0.00,
SBC,11119940,20081016,0.00,
SBC,11119940,20081017,0.00,
SBC,11119940,20081018,0.00,
SBC,11119940,20081019,0.00,
SBC,11119940,20081020,0.00,
SBC,11119940,20081021,0.00,
SBC,11119940,20081022,0.00,
SBC,11119940,20081023,0.00,
SBC,11119940,20081024,0.00,
SBC,11119940,20081025,0.00,
SBC,11119940,20081026,0.00,
SBC,11119940,20081027,0.00,
SBC,11119940,20081028,0.00,
SBC,11119940,20081029,0.00,
SBC,11119940,20081030,0.00,
SBC,11119940,20081031,,M
SBC,11119940,20081101,,M
SBC,11119940,20081102,0.00,
SBC,11119940,20081103,0.00,
SBC,11119940,20081104,1.13,
SBC,11119940,20081105,0.00,
SBC,11119940,20081106,0.00,
SBC,11119940,20081107,0.00,
SBC,11119940,20081108,0.00,
SBC,11119940,20081109,0.00,
SBC,11119940,20081110,0.00,
SBC,11119940,20081111,0.00,
SBC,11119940,20081112,0.00,
SBC,11119940,20081113,,M
SBC,11119940,20081114,0.00,
SBC,11119940,20081115,0.00,
SBC,11119940,20081116,0.00,
SBC,11119940,20081117,0.00,
SBC,11119940,20081118,0.00,
SBC,11119940,20081119,0.00,
SBC,11119940,20081120,0.00,
SBC,11119940,20081121,0.00,
SBC,11119940,20081122,0.00,
SBC,11119940,20081123,0.00,
SBC,11119940,20081124,0.00,
SBC,11119940,20081125,0.00,
SBC,11119940,20081126,36.81,
SBC,11119940,20081127,0.00,
SBC,11119940,20081128,0.00,
SBC,11119940,20081129,0.00,
SBC,11119940,20081130,0.00,
SBC,11119940,20081201,0.00,
SBC,11119940,20081202,0.00,
SBC,11119940,20081203,0.00,
SBC,11119940,20081204,0.00,
SBC,11119940,20081205,0.00,
SBC,11119940,20081206,0.00,
SBC,11119940,20081207,0.00,
SBC,11119940,20081208,0.00,
SBC,11119940,20081209,0.00,
SBC,11119940,20081210,0.00,
SBC,11119940,20081211,0.00,
SBC,11119940,20081212,0.00,
SBC,11119940,20081213,0.00,
SBC,11119940,20081214,12.18,
SBC,11119940,20081215,736.24,
SBC,11119940,20081216,48.14,
SBC,11119940,20081217,0.85,
SBC,11119940,20081218,0.00,
SBC,11119940,20081219,0.00,
SBC,11119940,20081220,0.00,
SBC,11119940,20081221,0.00,
SBC,11119940,20081222,1.70,
SBC,11119940,20081223,0.00,
SBC,11119940,20081224,0.00,
SBC,11119940,20081225,0.00,
SBC,11119940,20081226,0.00,
SBC,11119940,20081227,0.00,
SBC,11119940,20081228,0.00,
SBC,11119940,20081229,0.00,
SBC,11119940,20081230,0.00,
SBC,11119940,20081231,0.00,
SBC,11119940,20090101,0.00,
SBC,11119940,20090102,0.00,
SBC,11119940,20090103,0.00,
SBC,11119940,20090104,0.00,
SBC,11119940,20090105,0.00,
SBC,11119940,20090106,0.00,
SBC,11119940,20090107,0.00,
SBC,11119940,20090108,0.00,
SBC,11119940,20090109,0.00,
SBC,11119940,20090110,0.00,
SBC,11119940,20090111,0.00,
SBC,11119940,20090112,0.00,
SBC,11119940,20090113,0.00,
SBC,11119940,20090114,0.00,
SBC,11119940,20090115,0.00,
SBC,11119940,20090116,0.00,
SBC,11119940,20090117,0.00,
SBC,11119940,20090118,0.00,
SBC,11119940,20090119,0.00,
SBC,11119940,20090120,0.00,
SBC,11119940,20090121,0.00,
!LTER_Site,Station,Date,Daily_Discharge_Mean_Lps,Flag_Daily_Discharge_Mean_Lps
SBC,11120000,20071101,3.68,
SBC,11120000,20071102,2.83,
SBC,11120000,20071103,3.68,
SBC,11120000,20071104,3.11,
SBC,11120000,20071105,2.83,
SBC,11120000,20071106,2.55,
SBC,11120000,20071107,3.96,
SBC,11120000,20071108,3.11,
SBC,11120000,20071109,3.68,
SBC,11120000,20071110,2.83,
SBC,11120000,20071111,2.83,
SBC,11120000,20071112,2.83,
SBC,11120000,20071113,2.83,
SBC,11120000,20071114,2.83,
SBC,11120000,20071115,2.55,
SBC,11120000,20071116,2.55,
SBC,11120000,20071117,2.83,
SBC,11120000,20071118,2.83,
SBC,11120000,20071119,3.40,
SBC,11120000,20071120,5.38,
SBC,11120000,20071121,4.25,
SBC,11120000,20071122,3.96,
SBC,11120000,20071123,3.68,
SBC,11120000,20071124,2.55,
SBC,11120000,20071125,2.27,
SBC,11120000,20071126,1.98,
SBC,11120000,20071127,1.98,
SBC,11120000,20071128,1.98,
SBC,11120000,20071129,1.98,
SBC,11120000,20071130,1.70,
SBC,11120000,20071201,50.97,
SBC,11120000,20071202,1.13,
SBC,11120000,20071203,2.83,
SBC,11120000,20071204,2.83,
SBC,11120000,20071205,5.38,
SBC,11120000,20071206,3.11,
SBC,11120000,20071207,31.15,
SBC,11120000,20071208,4.53,
SBC,11120000,20071209,3.11,
SBC,11120000,20071210,3.96,
SBC,11120000,20071211,3.68,
SBC,11120000,20071212,3.40,
SBC,11120000,20071213,3.40,
SBC,11120000,20071214,3.40,
SBC,11120000,20071215,5.66,
SBC,11120000,20071216,5.66,
SBC,11120000,20071217,6.51,
SBC,11120000,20071218,2491.88,
SBC,11120000,20071219,1500.79,
SBC,11120000,20071220,26.05,
SBC,11120000,20071221,8.21,
SBC,11120000,20071222,5.38,
SBC,11120000,20071223,5.38,
SBC,11120000,20071224,5.10,
SBC,11120000,20071225,3.96,
SBC,11120000,20071226,67.96,
SBC,11120000,20071227,5.38,
SBC,11120000,20071228,4.81,
SBC,11120000,20071229,4.81,
SBC,11120000,20071230,4.81,
SBC,11120000,20071231,4.81,
SBC,11120000,20080101,4.53,
SBC,11120000,20080102,4.53,
SBC,11120000,20080103,4.53,
SBC,11120000,20080104,10562.19,
SBC,11120000,20080105,2123.76,
SBC,11120000,20080106,1699.01,
SBC,11120000,20080107,764.55,
SBC,11120000,20080108,226.53,
SBC,11120000,20080109,70.79,
SBC,11120000,20080110,39.64,
SBC,11120000,20080111,26.90,
SBC,11120000,20080112,16.99,
SBC,11120000,20080113,13.59,
SBC,11120000,20080114,11.04,
SBC,11120000,20080115,9.34,
SBC,11120000,20080116,9.34,
SBC,11120000,20080117,9.34,
SBC,11120000,20080118,9.34,
SBC,11120000,20080119,9.34,
SBC,11120000,20080120,9.34,
SBC,11120000,20080121,9.06,
SBC,11120000,20080122,339.80,
SBC,11120000,20080123,18321.00,
SBC,11120000,20080124,5323.57,
SBC,11120000,20080125,1699.01,
SBC,11120000,20080126,1274.26,
SBC,11120000,20080127,22087.14,
SBC,11120000,20080128,5578.42,
SBC,11120000,20080129,1104.36,
SBC,11120000,20080130,821.19,
SBC,11120000,20080131,481.39,
SBC,11120000,20080201,368.12,
SBC,11120000,20080202,311.49,
SBC,11120000,20080203,1444.16,
SBC,11120000,20080204,339.80,
SBC,11120000,20080205,232.20,
SBC,11120000,20080206,240.69,
SBC,11120000,20080207,158.57,
SBC,11120000,20080208,130.26,
SBC,11120000,20080209,113.27,
SBC,11120000,20080210,93.45,
SBC,11120000,20080211,82.12,
SBC,11120000,20080212,67.96,
SBC,11120000,20080213,62.30,
SBC,11120000,20080214,53.80,
SBC,11120000,20080215,42.48,
SBC,11120000,20080216,42.48,
SBC,11120000,20080217,42.48,
SBC,11120000,20080218,42.48,
SBC,11120000,20080219,39.64,
SBC,11120000,20080220,201.05,
SBC,11120000,20080221,101.94,
SBC,11120000,20080222,101.94,
SBC,11120000,20080223,453.07,
SBC,11120000,20080224,991.09,
SBC,11120000,20080225,226.53,
SBC,11120000,20080226,116.10,
SBC,11120000,20080227,144.42,
SBC,11120000,20080228,76.46,
SBC,11120000,20080229,62.30,
SBC,11120000,20080301,56.63,
SBC,11120000,20080302,50.97,
SBC,11120000,20080303,42.48,
SBC,11120000,20080304,42.48,
SBC,11120000,20080305,42.48,
SBC,11120000,20080306,33.98,
SBC,11120000,20080307,28.32,
SBC,11120000,20080308,31.15,
SBC,11120000,20080309,24.64,
SBC,11120000,20080310,21.80,
SBC,11120000,20080311,20.95,
SBC,11120000,20080312,21.80,
SBC,11120000,20080313,16.71,
SBC,11120000,20080314,12.46,
SBC,11120000,20080315,10.48,
SBC,11120000,20080316,10.48,
SBC,11120000,20080317,9.63,
SBC,11120000,20080318,9.06,
SBC,11120000,20080319,9.06,
SBC,11120000,20080320,8.21,
SBC,11120000,20080321,6.23,
SBC,11120000,20080322,5.66,
SBC,11120000,20080323,6.80,
SBC,11120000,20080324,7.93,
SBC,11120000,20080325,7.65,
SBC,11120000,20080326,9.06,
SBC,11120000,20080327,5.38,
SBC,11120000,20080328,5.10,
SBC,11120000,20080329,4.53,
SBC,11120000,20080330,3.68,
SBC,11120000,20080331,3.96,
SBC,11120000,20080401,7.65,
SBC,11120000,20080402,8.21,
SBC,11120000,20080403,9.63,
SBC,11120000,20080404,5.38,
SBC,11120000,20080405,5.66,
SBC,11120000,20080406,4.53,
SBC,11120000,20080407,4.53,
SBC,11120000,20080408,4.25,
SBC,11120000,20080409,3.96,
SBC,11120000,20080410,4.25,
SBC,11120000,20080411,4.25,
SBC,11120000,20080412,5.10,
SBC,11120000,20080413,5.66,
SBC,11120000,20080414,6.23,
SBC,11120000,20080415,8.78,
SBC,11120000,20080416,9.63,
SBC,11120000,20080417,9.63,
SBC,11120000,20080418,7.65,
SBC,11120000,20080419,7.36,
SBC,11120000,20080420,6.80,
SBC,11120000,20080421,6.80,
SBC,11120000,20080422,8.21,
SBC,11120000,20080423,11.61,
SBC,11120000,20080424,7.36,
SBC,11120000,20080425,5.66,
SBC,11120000,20080426,6.80,
SBC,11120000,20080427,5.38,
SBC,11120000,20080428,8.21,
SBC,11120000,20080429,5.95,
SBC,11120000,20080430,3.40,
SBC,11120000,20080501,4.25,
SBC,11120000,20080502,5.38,
SBC,11120000,20080503,4.81,
SBC,11120000,20080504,4.81,
SBC,11120000,20080505,5.10,
SBC,11120000,20080506,5.38,
SBC,11120000,20080507,4.81,
SBC,11120000,20080508,4.25,
SBC,11120000,20080509,5.38,
SBC,11120000,20080510,5.38,
SBC,11120000,20080511,5.38,
SBC,11120000,20080512,5.10,
SBC,11120000,20080513,8.21,
SBC,11120000,20080514,6.80,
SBC,11120000,20080515,3.96,
SBC,11120000,20080516,,M
SBC,11120000,20080517,,M
SBC,11120000,20080518,,M
SBC,11120000,20080519,,M
SBC,11120000,20080520,3.68,
SBC,11120000,20080521,3.11,
SBC,11120000,20080522,2.83,
SBC,11120000,20080523,9.06,
SBC,11120000,20080524,12.74,
SBC,11120000,20080525,6.51,
SBC,11120000,20080526,5.95,
SBC,11120000,20080527,4.25,
SBC,11120000,20080528,4.81,
SBC,11120000,20080529,4.25,
SBC,11120000,20080530,4.25,
SBC,11120000,20080531,4.53,
SBC,11120000,20080601,4.25,
SBC,11120000,20080602,4.81,
SBC,11120000,20080603,5.10,
SBC,11120000,20080604,9.34,
SBC,11120000,20080605,5.66,
SBC,11120000,20080606,5.66,
SBC,11120000,20080607,4.25,
SBC,11120000,20080608,5.10,
SBC,11120000,20080609,5.95,
SBC,11120000,20080610,7.36,
SBC,11120000,20080611,8.50,
SBC,11120000,20080612,7.65,
SBC,11120000,20080613,8.21,
SBC,11120000,20080614,5.95,
SBC,11120000,20080615,6.23,
SBC,11120000,20080616,12.18,
SBC,11120000,20080617,9.34,
SBC,11120000,20080618,5.38,
SBC,11120000,20080619,3.40,
SBC,11120000,20080620,2.27,
SBC,11120000,20080621,13.31,
SBC,11120000,20080622,18.69,
SBC,11120000,20080623,4.81,
SBC,11120000,20080624,2.55,
SBC,11120000,20080625,1.98,
SBC,11120000,20080626,2.55,
SBC,11120000,20080627,1.70,
SBC,11120000,20080628,2.83,
SBC,11120000,20080629,3.40,
SBC,11120000,20080630,4.25,
SBC,11120000,20080701,3.40,
SBC,11120000,20080702,2.27,
SBC,11120000,20080703,2.27,
SBC,11120000,20080704,2.55,
SBC,11120000,20080705,3.11,
SBC,11120000,20080706,1.98,
SBC,11120000,20080707,2.27,
SBC,11120000,20080708,2.55,
SBC,11120000,20080709,2.55,
SBC,11120000,20080710,1.98,
SBC,11120000,20080711,1.13,
SBC,11120000,20080712,1.70,
SBC,11120000,20080713,2.55,
SBC,11120000,20080714,2.83,
SBC,11120000,20080715,3.96,
SBC,11120000,20080716,3.96,
SBC,11120000,20080717,5.38,
SBC,11120000,20080718,3.96,
SBC,11120000,20080719,3.96,
SBC,11120000,20080720,2.83,
SBC,11120000,20080721,3.68,
SBC,11120000,20080722,3.40,
SBC,11120000,20080723,2.83,
SBC,11120000,20080724,3.40,
SBC,11120000,20080725,3.96,
SBC,11120000,20080726,4.53,
SBC,11120000,20080727,3.96,
SBC,11120000,20080728,3.68,
SBC,11120000,20080729,5.38,
SBC,11120000,20080730,5.95,
SBC,11120000,20080731,5.66,
SBC,11120000,20080801,5.95,
SBC,11120000,20080802,5.10,
SBC,11120000,20080803,4.25,
SBC,11120000,20080804,3.40,
SBC,11120000,20080805,2.55,
SBC,11120000,20080806,1.70,
SBC,11120000,20080807,2.27,
SBC,11120000,20080808,2.27,
SBC,11120000,20080809,7.65,
SBC,11120000,20080810,3.68,
SBC,11120000,20080811,4.81,
SBC,11120000,20080812,5.10,
SBC,11120000,20080813,5.66,
SBC,11120000,20080814,5.95,
SBC,11120000,20080815,3.68,
SBC,11120000,20080816,4.25,
SBC,11120000,20080817,4.81,
SBC,11120000,20080818,5.95,
SBC,11120000,20080819,7.93,
SBC,11120000,20080820,11.04,
SBC,11120000,20080821,13.88,
SBC,11120000,20080822,4.53,
SBC,11120000,20080823,3.68,
SBC,11120000,20080824,4.25,
SBC,11120000,20080825,3.68,
SBC,11120000,20080826,3.68,
SBC,11120000,20080827,4.25,
SBC,11120000,20080828,7.08,
SBC,11120000,20080829,12.74,
SBC,11120000,20080830,7.36,
SBC,11120000,20080831,6.51,
SBC,11120000,20080901,4.81,
SBC,11120000,20080902,4.25,
SBC,11120000,20080903,2.83,
SBC,11120000,20080904,2.83,
SBC,11120000,20080905,2.83,
SBC,11120000,20080906,3.11,
SBC,11120000,20080907,3.68,
SBC,11120000,20080908,3.68,
SBC,11120000,20080909,3.96,
SBC,11120000,20080910,3.96,
SBC,11120000,20080911,3.68,
SBC,11120000,20080912,3.96,
SBC,11120000,20080913,5.95,
SBC,11120000,20080914,5.10,
SBC,11120000,20080915,4.25,
SBC,11120000,20080916,4.25,
SBC,11120000,20080917,5.10,
SBC,11120000,20080918,3.96,
SBC,11120000,20080919,3.40,
SBC,11120000,20080920,2.55,
SBC,11120000,20080921,2.55,
SBC,11120000,20080922,2.27,
SBC,11120000,20080923,2.55,
SBC,11120000,20080924,3.96,
SBC,11120000,20080925,3.11,
SBC,11120000,20080926,2.83,
SBC,11120000,20080927,2.83,
SBC,11120000,20080928,2.83,
SBC,11120000,20080929,1.13,
SBC,11120000,20080930,1.42,
SBC,11120000,20081001,0.57,
SBC,11120000,20081002,0.85,
SBC,11120000,20081003,0.57,
SBC,11120000,20081004,1.13,
SBC,11120000,20081005,3.96,
SBC,11120000,20081006,3.11,
SBC,11120000,20081007,2.55,
SBC,11120000,20081008,2.55,
SBC,11120000,20081009,1.98,
SBC,11120000,20081010,1.98,
SBC,11120000,20081011,0.85,
SBC,11120000,20081012,0.00,
SBC,11120000,20081013,0.00,
SBC,11120000,20081014,0.28,
SBC,11120000,20081015,1.98,
SBC,11120000,20081016,1.70,
SBC,11120000,20081017,0.28,
SBC,11120000,20081018,1.70,
SBC,11120000,20081019,2.83,
SBC,11120000,20081020,3.96,
SBC,11120000,20081021,4.25,
SBC,11120000,20081022,3.96,
SBC,11120000,20081023,3.40,
SBC,11120000,20081024,2.83,
SBC,11120000,20081025,4.81,
SBC,11120000,20081026,4.81,
SBC,11120000,20081027,2.83,
SBC,11120000,20081028,3.11,
SBC,11120000,20081029,2.83,
SBC,11120000,20081030,3.68,
SBC,11120000,20081031,3.96,
SBC,11120000,20081101,6.51,
SBC,11120000,20081102,73.62,
SBC,11120000,20081103,7.36,
SBC,11120000,20081104,113.27,
SBC,11120000,20081105,7.93,
SBC,11120000,20081106,3.68,
SBC,11120000,20081107,5.95,
SBC,11120000,20081108,3.96,
SBC,11120000,20081109,2.83,
SBC,11120000,20081110,4.53,
SBC,11120000,20081111,3.68,
SBC,11120000,20081112,4.53,
SBC,11120000,20081113,3.96,
SBC,11120000,20081114,3.68,
SBC,11120000,20081115,3.68,
SBC,11120000,20081116,3.68,
SBC,11120000,20081117,3.68,
SBC,11120000,20081118,3.68,
SBC,11120000,20081119,5.38,
SBC,11120000,20081120,5.66,
SBC,11120000,20081121,5.10,
SBC,11120000,20081122,4.81,
SBC,11120000,20081123,5.38,
SBC,11120000,20081124,6.51,
SBC,11120000,20081125,39.64,
SBC,11120000,20081126,707.92,
SBC,11120000,20081127,31.15,
SBC,11120000,20081128,10.48,
SBC,11120000,20081129,9.34,
SBC,11120000,20081130,9.34,
SBC,11120000,20081201,26.33,
SBC,11120000,20081202,10.76,
SBC,11120000,20081203,7.65,
SBC,11120000,20081204,12.74,
SBC,11120000,20081205,6.80,
SBC,11120000,20081206,6.51,
SBC,11120000,20081207,7.36,
SBC,11120000,20081208,6.51,
SBC,11120000,20081209,5.95,
SBC,11120000,20081210,5.66,
SBC,11120000,20081211,5.95,
SBC,11120000,20081212,7.65,
SBC,11120000,20081213,6.23,
SBC,11120000,20081214,18.97,
SBC,11120000,20081215,2491.88,
SBC,11120000,20081216,45.31,
SBC,11120000,20081217,12.74,
SBC,11120000,20081218,7.93,
SBC,11120000,20081219,8.78,
SBC,11120000,20081220,5.10,
SBC,11120000,20081221,4.81,
SBC,11120000,20081222,82.12,
SBC,11120000,20081223,7.93,
SBC,11120000,20081224,5.66,
SBC,11120000,20081225,12.18,
SBC,11120000,20081226,8.78,
SBC,11120000,20081227,4.53,
SBC,11120000,20081228,4.53,
SBC,11120000,20081229,4.25,
SBC,11120000,20081230,3.96,
SBC,11120000,20081231,3.40,
SBC,11120000,20090101,3.40,
SBC,11120000,20090102,4.25,
SBC,11120000,20090103,4.53,
SBC,11120000,20090104,4.25,
SBC,11120000,20090105,3.68,
SBC,11120000,20090106,4.81,
SBC,11120000,20090107,3.68,
SBC,11120000,20090108,4.81,
SBC,11120000,20090109,4.25,
SBC,11120000,20090110,3.68,
SBC,11120000,20090111,3.96,
SBC,11120000,20090112,3.68,
SBC,11120000,20090113,4.25,
SBC,11120000,20090114,5.38,
SBC,11120000,20090115,4.53,
SBC,11120000,20090116,3.68,
SBC,11120000,20090117,,M
SBC,11120000,20090118,,M
SBC,11120000,20090119,,M
SBC,11120000,20090120,,M
SBC,11120000,20090121,3.96,
!LTER_Site,Station,Date,Daily_Discharge_Mean_Lps,Flag_Daily_Discharge_Mean_Lps
SBC,11120500,20071101,2.55,
SBC,11120500,20071102,2.55,
SBC,11120500,20071103,2.55,
SBC,11120500,20071104,2.55,
SBC,11120500,20071105,3.11,
SBC,11120500,20071106,3.11,
SBC,11120500,20071107,2.55,
SBC,11120500,20071108,3.11,
SBC,11120500,20071109,3.11,
SBC,11120500,20071110,2.83,
SBC,11120500,20071111,2.55,
SBC,11120500,20071112,3.11,
SBC,11120500,20071113,3.11,
SBC,11120500,20071114,2.83,
SBC,11120500,20071115,2.83,
SBC,11120500,20071116,3.11,
SBC,11120500,20071117,3.11,
SBC,11120500,20071118,3.40,
SBC,11120500,20071119,5.10,
SBC,11120500,20071120,6.51,
SBC,11120500,20071121,5.95,
SBC,11120500,20071122,6.51,
SBC,11120500,20071123,7.36,
SBC,11120500,20071124,7.36,
SBC,11120500,20071125,5.66,
SBC,11120500,20071126,6.23,
SBC,11120500,20071127,4.53,
SBC,11120500,20071128,4.53,
SBC,11120500,20071129,3.96,
SBC,11120500,20071130,4.53,
SBC,11120500,20071201,4.25,
SBC,11120500,20071202,3.96,
SBC,11120500,20071203,4.81,
SBC,11120500,20071204,5.38,
SBC,11120500,20071205,4.53,
SBC,11120500,20071206,6.23,
SBC,11120500,20071207,8.78,
SBC,11120500,20071208,8.78,
SBC,11120500,20071209,9.34,
SBC,11120500,20071210,10.19,
SBC,11120500,20071211,9.91,
SBC,11120500,20071212,8.21,
SBC,11120500,20071213,7.65,
SBC,11120500,20071214,7.93,
SBC,11120500,20071215,7.65,
SBC,11120500,20071216,7.93,
SBC,11120500,20071217,8.50,
SBC,11120500,20071218,679.60,
SBC,11120500,20071219,481.39,
SBC,11120500,20071220,33.98,
SBC,11120500,20071221,20.39,
SBC,11120500,20071222,15.29,
SBC,11120500,20071223,13.88,
SBC,11120500,20071224,14.16,
SBC,11120500,20071225,15.86,
SBC,11120500,20071226,16.42,
SBC,11120500,20071227,15.86,
SBC,11120500,20071228,15.86,
SBC,11120500,20071229,15.86,
SBC,11120500,20071230,15.86,
SBC,11120500,20071231,15.86,
SBC,11120500,20080101,15.86,
SBC,11120500,20080102,16.14,
SBC,11120500,20080103,11.89,
SBC,11120500,20080104,5918.22,
SBC,11120500,20080105,1444.16,
SBC,11120500,20080106,622.97,
SBC,11120500,20080107,424.75,
SBC,11120500,20080108,141.58,
SBC,11120500,20080109,84.95,
SBC,11120500,20080110,59.47,
SBC,11120500,20080111,45.31,
SBC,11120500,20080112,33.98,
SBC,11120500,20080113,28.32,
SBC,11120500,20080114,25.20,
SBC,11120500,20080115,23.22,
SBC,11120500,20080116,20.95,
SBC,11120500,20080117,20.10,
SBC,11120500,20080118,18.41,
SBC,11120500,20080119,18.41,
SBC,11120500,20080120,18.12,
SBC,11120500,20080121,16.71,
SBC,11120500,20080122,22.09,
SBC,11120500,20080123,3228.12,
SBC,11120500,20080124,1359.21,
SBC,11120500,20080125,877.82,
SBC,11120500,20080126,453.07,
SBC,11120500,20080127,7022.58,
SBC,11120500,20080128,2435.25,
SBC,11120500,20080129,651.29,
SBC,11120500,20080130,368.12,
SBC,11120500,20080131,232.20,
SBC,11120500,20080201,175.56,
SBC,11120500,20080202,138.75,
SBC,11120500,20080203,252.02,
SBC,11120500,20080204,164.24,
SBC,11120500,20080205,124.59,
SBC,11120500,20080206,101.94,
SBC,11120500,20080207,90.61,
SBC,11120500,20080208,79.29,
SBC,11120500,20080209,70.79,
SBC,11120500,20080210,67.96,
SBC,11120500,20080211,67.96,
SBC,11120500,20080212,62.30,
SBC,11120500,20080213,59.47,
SBC,11120500,20080214,53.80,
SBC,11120500,20080215,50.97,
SBC,11120500,20080216,48.14,
SBC,11120500,20080217,45.31,
SBC,11120500,20080218,45.31,
SBC,11120500,20080219,45.31,
SBC,11120500,20080220,48.14,
SBC,11120500,20080221,45.31,
SBC,11120500,20080222,65.13,
SBC,11120500,20080223,67.96,
SBC,11120500,20080224,622.97,
SBC,11120500,20080225,220.87,
SBC,11120500,20080226,130.26,
SBC,11120500,20080227,101.94,
SBC,11120500,20080228,87.78,
SBC,11120500,20080229,79.29,
SBC,11120500,20080301,70.79,
SBC,11120500,20080302,65.13,
SBC,11120500,20080303,59.47,
SBC,11120500,20080304,56.63,
SBC,11120500,20080305,50.97,
SBC,11120500,20080306,48.14,
SBC,11120500,20080307,45.31,
SBC,11120500,20080308,45.31,
SBC,11120500,20080309,42.48,
SBC,11120500,20080310,39.64,
SBC,11120500,20080311,39.64,
SBC,11120500,20080312,36.81,
SBC,11120500,20080313,36.81,
SBC,11120500,20080314,33.98,
SBC,11120500,20080315,31.15,
SBC,11120500,20080316,31.15,
SBC,11120500,20080317,28.32,
SBC,11120500,20080318,27.47,
SBC,11120500,20080319,26.90,
SBC,11120500,20080320,26.33,
SBC,11120500,20080321,23.50,
SBC,11120500,20080322,22.65,
SBC,11120500,20080323,20.95,
SBC,11120500,20080324,20.10,
SBC,11120500,20080325,18.69,
SBC,11120500,20080326,17.84,
SBC,11120500,20080327,19.54,
SBC,11120500,20080328,19.54,
SBC,11120500,20080329,20.10,
SBC,11120500,20080330,20.67,
SBC,11120500,20080331,20.95,
SBC,11120500,20080401,23.22,
SBC,11120500,20080402,24.64,
SBC,11120500,20080403,26.33,
SBC,11120500,20080404,21.80,
SBC,11120500,20080405,21.52,
SBC,11120500,20080406,21.24,
SBC,11120500,20080407,20.10,
SBC,11120500,20080408,18.97,
SBC,11120500,20080409,18.69,
SBC,11120500,20080410,18.41,
SBC,11120500,20080411,17.27,
SBC,11120500,20080412,16.71,
SBC,11120500,20080413,16.71,
SBC,11120500,20080414,16.99,
SBC,11120500,20080415,15.86,
SBC,11120500,20080416,16.99,
SBC,11120500,20080417,16.42,
SBC,11120500,20080418,16.71,
SBC,11120500,20080419,18.41,
SBC,11120500,20080420,17.27,
SBC,11120500,20080421,17.27,
SBC,11120500,20080422,16.99,
SBC,11120500,20080423,13.88,
SBC,11120500,20080424,14.72,
SBC,11120500,20080425,13.03,
SBC,11120500,20080426,12.18,
SBC,11120500,20080427,11.89,
SBC,11120500,20080428,12.18,
SBC,11120500,20080429,13.03,
SBC,11120500,20080430,11.61,
SBC,11120500,20080501,13.88,
SBC,11120500,20080502,12.18,
SBC,11120500,20080503,13.88,
SBC,11120500,20080504,13.31,
SBC,11120500,20080505,13.59,
SBC,11120500,20080506,13.31,
SBC,11120500,20080507,13.59,
SBC,11120500,20080508,15.01,
SBC,11120500,20080509,15.01,
SBC,11120500,20080510,13.88,
SBC,11120500,20080511,13.88,
SBC,11120500,20080512,15.29,
SBC,11120500,20080513,12.74,
SBC,11120500,20080514,13.03,
SBC,11120500,20080515,11.61,
SBC,11120500,20080516,,M
SBC,11120500,20080517,,M
SBC,11120500,20080518,,M
SBC,11120500,20080519,,M
SBC,11120500,20080520,9.34,
SBC,11120500,20080521,10.19,
SBC,11120500,20080522,9.63,
SBC,11120500,20080523,10.48,
SBC,11120500,20080524,15.29,
SBC,11120500,20080525,15.01,
SBC,11120500,20080526,14.16,
SBC,11120500,20080527,11.33,
SBC,11120500,20080528,10.19,
SBC,11120500,20080529,9.91,
SBC,11120500,20080530,9.34,
SBC,11120500,20080531,8.78,
SBC,11120500,20080601,9.06,
SBC,11120500,20080602,8.21,
SBC,11120500,20080603,7.93,
SBC,11120500,20080604,6.80,
SBC,11120500,20080605,7.08,
SBC,11120500,20080606,6.80,
SBC,11120500,20080607,6.23,
SBC,11120500,20080608,6.23,
SBC,11120500,20080609,6.51,
SBC,11120500,20080610,6.51,
SBC,11120500,20080611,7.08,
SBC,11120500,20080612,6.23,
SBC,11120500,20080613,5.95,
SBC,11120500,20080614,5.95,
SBC,11120500,20080615,5.95,
SBC,11120500,20080616,5.66,
SBC,11120500,20080617,5.10,
SBC,11120500,20080618,4.53,
SBC,11120500,20080619,3.68,
SBC,11120500,20080620,2.83,
SBC,11120500,20080621,2.55,
SBC,11120500,20080622,2.27,
SBC,11120500,20080623,2.55,
SBC,11120500,20080624,3.40,
SBC,11120500,20080625,3.68,
SBC,11120500,20080626,3.96,
SBC,11120500,20080627,4.25,
SBC,11120500,20080628,4.25,
SBC,11120500,20080629,4.53,
SBC,11120500,20080630,4.81,
SBC,11120500,20080701,4.25,
SBC,11120500,20080702,2.55,
SBC,11120500,20080703,3.11,
SBC,11120500,20080704,3.40,
SBC,11120500,20080705,2.83,
SBC,11120500,20080706,2.83,
SBC,11120500,20080707,4.25,
SBC,11120500,20080708,3.96,
SBC,11120500,20080709,3.40,
SBC,11120500,20080710,3.68,
SBC,11120500,20080711,3.68,
SBC,11120500,20080712,2.83,
SBC,11120500,20080713,2.27,
SBC,11120500,20080714,3.11,
SBC,11120500,20080715,1.42,
SBC,11120500,20080716,1.70,
SBC,11120500,20080717,1.98,
SBC,11120500,20080718,1.98,
SBC,11120500,20080719,1.70,
SBC,11120500,20080720,1.98,
SBC,11120500,20080721,2.27,
SBC,11120500,20080722,2.27,
SBC,11120500,20080723,2.83,
SBC,11120500,20080724,3.11,
SBC,11120500,20080725,3.11,
SBC,11120500,20080726,3.40,
SBC,11120500,20080727,3.96,
SBC,11120500,20080728,4.53,
SBC,11120500,20080729,4.53,
SBC,11120500,20080730,3.68,
SBC,11120500,20080731,3.68,
SBC,11120500,20080801,3.68,
SBC,11120500,20080802,3.68,
SBC,11120500,20080803,3.68,
SBC,11120500,20080804,3.96,
SBC,11120500,20080805,4.25,
SBC,11120500,20080806,3.96,
SBC,11120500,20080807,3.68,
SBC,11120500,20080808,3.96,
SBC,11120500,20080809,4.25,
SBC,11120500,20080810,4.53,
SBC,11120500,20080811,4.25,
SBC,11120500,20080812,4.53,
SBC,11120500,20080813,4.53,
SBC,11120500,20080814,4.25,
SBC,11120500,20080815,3.96,
SBC,11120500,20080816,3.96,
SBC,11120500,20080817,4.53,
SBC,11120500,20080818,4.53,
SBC,11120500,20080819,5.10,
SBC,11120500,20080820,3.68,
SBC,11120500,20080821,3.40,
SBC,11120500,20080822,3.68,
SBC,11120500,20080823,3.11,
SBC,11120500,20080824,3.40,
SBC,11120500,20080825,3.40,
SBC,11120500,20080826,2.83,
SBC,11120500,20080827,3.11,
SBC,11120500,20080828,3.11,
SBC,11120500,20080829,3.11,
SBC,11120500,20080830,3.40,
SBC,11120500,20080831,3.40,
SBC,11120500,20080901,3.68,
SBC,11120500,20080902,2.27,
SBC,11120500,20080903,2.55,
SBC,11120500,20080904,2.27,
SBC,11120500,20080905,2.27,
SBC,11120500,20080906,2.55,
SBC,11120500,20080907,2.83,
SBC,11120500,20080908,3.11,
SBC,11120500,20080909,3.11,
SBC,11120500,20080910,3.11,
SBC,11120500,20080911,3.68,
SBC,11120500,20080912,4.81,
SBC,11120500,20080913,4.53,
SBC,11120500,20080914,5.10,
SBC,11120500,20080915,5.10,
SBC,11120500,20080916,3.68,
SBC,11120500,20080917,3.68,
SBC,11120500,20080918,3.68,
SBC,11120500,20080919,3.68,
SBC,11120500,20080920,3.40,
SBC,11120500,20080921,3.11,
SBC,11120500,20080922,4.25,
SBC,11120500,20080923,2.83,
SBC,11120500,20080924,2.83,
SBC,11120500,20080925,2.27,
SBC,11120500,20080926,2.27,
SBC,11120500,20080927,2.55,
SBC,11120500,20080928,2.83,
SBC,11120500,20080929,3.96,
SBC,11120500,20080930,2.83,
SBC,11120500,20081001,2.55,
SBC,11120500,20081002,3.11,
SBC,11120500,20081003,3.68,
SBC,11120500,20081004,5.38,
SBC,11120500,20081005,5.95,
SBC,11120500,20081006,5.66,
SBC,11120500,20081007,4.53,
SBC,11120500,20081008,3.11,
SBC,11120500,20081009,4.25,
SBC,11120500,20081010,4.53,
SBC,11120500,20081011,4.25,
SBC,11120500,20081012,3.68,
SBC,11120500,20081013,3.96,
SBC,11120500,20081014,5.10,
SBC,11120500,20081015,4.81,
SBC,11120500,20081016,5.38,
SBC,11120500,20081017,5.95,
SBC,11120500,20081018,4.81,
SBC,11120500,20081019,5.10,
SBC,11120500,20081020,5.10,
SBC,11120500,20081021,5.66,
SBC,11120500,20081022,3.40,
SBC,11120500,20081023,3.40,
SBC,11120500,20081024,3.40,
SBC,11120500,20081025,3.68,
SBC,11120500,20081026,3.96,
SBC,11120500,20081027,5.38,
SBC,11120500,20081028,5.10,
SBC,11120500,20081029,5.38,
SBC,11120500,20081030,3.96,
SBC,11120500,20081031,6.80,
SBC,11120500,20081101,9.34,
SBC,11120500,20081102,12.46,
SBC,11120500,20081103,9.34,
SBC,11120500,20081104,12.74,
SBC,11120500,20081105,9.63,
SBC,11120500,20081106,8.50,
SBC,11120500,20081107,8.50,
SBC,11120500,20081108,8.78,
SBC,11120500,20081109,11.04,
SBC,11120500,20081110,12.74,
SBC,11120500,20081111,7.65,
SBC,11120500,20081112,6.23,
SBC,11120500,20081113,9.91,
SBC,11120500,20081114,7.36,
SBC,11120500,20081115,5.95,
SBC,11120500,20081116,4.81,
SBC,11120500,20081117,4.53,
SBC,11120500,20081118,4.81,
SBC,11120500,20081119,5.95,
SBC,11120500,20081120,8.21,
SBC,11120500,20081121,6.51,
SBC,11120500,20081122,6.23,
SBC,11120500,20081123,9.34,
SBC,11120500,20081124,12.18,
SBC,11120500,20081125,12.74,
SBC,11120500,20081126,27.18,
SBC,11120500,20081127,12.74,
SBC,11120500,20081128,10.19,
SBC,11120500,20081129,10.19,
SBC,11120500,20081130,10.19,
SBC,11120500,20081201,9.91,
SBC,11120500,20081202,10.19,
SBC,11120500,20081203,10.19,
SBC,11120500,20081204,10.19,
SBC,11120500,20081205,10.19,
SBC,11120500,20081206,10.19,
SBC,11120500,20081207,10.19,
SBC,11120500,20081208,11.61,
SBC,11120500,20081209,11.61,
SBC,11120500,20081210,9.91,
SBC,11120500,20081211,10.19,
SBC,11120500,20081212,10.19,
SBC,11120500,20081213,10.19,
SBC,11120500,20081214,10.76,
SBC,11120500,20081215,192.55,
SBC,11120500,20081216,24.64,
SBC,11120500,20081217,19.26,
SBC,11120500,20081218,13.88,
SBC,11120500,20081219,13.88,
SBC,11120500,20081220,14.44,
SBC,11120500,20081221,13.88,
SBC,11120500,20081222,19.54,
SBC,11120500,20081223,16.42,
SBC,11120500,20081224,17.27,
SBC,11120500,20081225,39.64,
SBC,11120500,20081226,21.80,
SBC,11120500,20081227,16.99,
SBC,11120500,20081228,15.29,
SBC,11120500,20081229,13.31,
SBC,11120500,20081230,13.88,
SBC,11120500,20081231,13.88,
SBC,11120500,20090101,12.46,
SBC,11120500,20090102,11.89,
SBC,11120500,20090103,11.89,
SBC,11120500,20090104,12.46,
SBC,11120500,20090105,13.59,
SBC,11120500,20090106,13.88,
SBC,11120500,20090107,13.88,
SBC,11120500,20090108,15.57,
SBC,11120500,20090109,15.29,
SBC,11120500,20090110,13.88,
SBC,11120500,20090111,13.88,
SBC,11120500,20090112,13.88,
SBC,11120500,20090113,13.88,
SBC,11120500,20090114,13.03,
SBC,11120500,20090115,12.18,
SBC,11120500,20090116,11.33,
SBC,11120500,20090117,10.19,
SBC,11120500,20090118,10.48,
SBC,11120500,20090119,11.04,
SBC,11120500,20090120,10.48,
SBC,11120500,20090121,11.61,
!LTER_Site,Station,Date,Daily_Discharge_Mean_Lps,Flag_Daily_Discharge_Mean_Lps
SBC,11120520,20081030,0.00,
SBC,11120520,20081031,0.00,
SBC,11120520,20081101,0.28,
SBC,11120520,20081102,2.83,
SBC,11120520,20081103,0.85,
SBC,11120520,20081104,2.83,
SBC,11120520,20081105,0.28,
SBC,11120520,20081106,0.28,
SBC,11120520,20081107,0.28,
SBC,11120520,20081108,0.57,
SBC,11120520,20081109,0.28,
SBC,11120520,20081110,0.57,
SBC,11120520,20081111,0.85,
SBC,11120520,20081112,1.13,
SBC,11120520,20081113,0.57,
SBC,11120520,20081114,0.28,
SBC,11120520,20081115,0.00,
SBC,11120520,20081116,0.00,
SBC,11120520,20081117,0.00,
SBC,11120520,20081118,0.00,
SBC,11120520,20081119,0.00,
SBC,11120520,20081120,0.28,
SBC,11120520,20081121,0.28,
SBC,11120520,20081122,0.28,
SBC,11120520,20081123,0.57,
SBC,11120520,20081124,1.13,
SBC,11120520,20081125,2.27,
SBC,11120520,20081126,7.36,
SBC,11120520,20081127,2.27,
SBC,11120520,20081128,1.13,
SBC,11120520,20081129,1.13,
SBC,11120520,20081130,1.13,
SBC,11120520,20081201,1.13,
SBC,11120520,20081202,1.13,
SBC,11120520,20081203,1.13,
SBC,11120520,20081204,1.13,
SBC,11120520,20081205,1.13,
SBC,11120520,20081206,2.55,
SBC,11120520,20081207,2.55,
SBC,11120520,20081208,,M
SBC,11120520,20081209,2.83,
SBC,11120520,20081210,2.83,
SBC,11120520,20081211,3.40,
SBC,11120520,20081212,4.25,
SBC,11120520,20081213,4.53,
SBC,11120520,20081214,6.80,
SBC,11120520,20081215,235.03,
SBC,11120520,20081216,15.86,
SBC,11120520,20081217,13.31,
SBC,11120520,20081218,13.59,
SBC,11120520,20081219,14.72,
SBC,11120520,20081220,15.29,
SBC,11120520,20081221,18.97,
SBC,11120520,20081222,20.95,
SBC,11120520,20081223,19.54,
SBC,11120520,20081224,25.49,
SBC,11120520,20081225,31.15,
SBC,11120520,20081226,27.75,
SBC,11120520,20081227,25.20,
SBC,11120520,20081228,25.77,
SBC,11120520,20081229,26.05,
SBC,11120520,20081230,27.47,
SBC,11120520,20081231,28.32,
SBC,11120520,20090101,31.15,
SBC,11120520,20090102,31.15,
SBC,11120520,20090103,31.15,
SBC,11120520,20090104,25.77,
SBC,11120520,20090105,27.75,
SBC,11120520,20090106,31.15,
SBC,11120520,20090107,28.03,
SBC,11120520,20090108,25.49,
SBC,11120520,20090109,25.77,
SBC,11120520,20090110,26.33,
SBC,11120520,20090111,25.20,
SBC,11120520,20090112,25.20,
SBC,11120520,20090113,25.20,
SBC,11120520,20090114,23.50,
SBC,11120520,20090115,22.09,
SBC,11120520,20090116,22.09,
SBC,11120520,20090117,23.79,
SBC,11120520,20090118,22.37,
SBC,11120520,20090119,25.20,
SBC,11120520,20090120,25.20,
SBC,11120520,20090121,26.33,
